{
 "cells": [
  {
   "cell_type": "code",
   "execution_count": null,
   "id": "49400c1d",
   "metadata": {
    "vscode": {
     "languageId": "rust"
    }
   },
   "outputs": [],
   "source": ":opt 3\n:dep kolmox = { path = \"../src/lib\" }\n:dep plotly = \"0.13\"\n:dep tracing-subscriber = \"0.3\"\n:dep .\n\nuse kolmox::compress::{\n    brotli::CompressBrotli,\n    zstd::CompressZstd,\n    Compressor,\n    cache::{Cache, InMemoryCache}\n};\nuse std::time::{Duration, Instant};\n\nfn read_from_file(file_path: &str) -> String {\n    std::fs::read_to_string(file_path).expect(\"Failed to read file\")\n}"
  },
  {
   "cell_type": "code",
   "execution_count": 6,
   "id": "50484eaf",
   "metadata": {
    "vscode": {
     "languageId": "rust"
    }
   },
   "outputs": [
    {
     "name": "stdout",
     "output_type": "stream",
     "text": [
      "Brotli Compression Benchmark\n",
      "Quality: 3, LG Window Size: 20, Compression Ratio: 0.003416, Time: 479.666µs\n",
      "Quality: 3, LG Window Size: 21, Compression Ratio: 0.003416, Time: 97.877µs\n",
      "Quality: 3, LG Window Size: 22, Compression Ratio: 0.003416, Time: 80.668µs\n",
      "Quality: 4, LG Window Size: 20, Compression Ratio: 0.000929, Time: 629.392µs\n",
      "Quality: 4, LG Window Size: 21, Compression Ratio: 0.000929, Time: 145.466µs\n",
      "Quality: 4, LG Window Size: 22, Compression Ratio: 0.000929, Time: 127.437µs\n",
      "Quality: 5, LG Window Size: 20, Compression Ratio: 0.000984, Time: 947.063µs\n",
      "Quality: 5, LG Window Size: 21, Compression Ratio: 0.000984, Time: 178.485µs\n",
      "Quality: 5, LG Window Size: 22, Compression Ratio: 0.000984, Time: 164.716µs\n",
      "Quality: 6, LG Window Size: 20, Compression Ratio: 0.000986, Time: 1.39758ms\n",
      "Quality: 6, LG Window Size: 21, Compression Ratio: 0.000986, Time: 220.834µs\n",
      "Quality: 6, LG Window Size: 22, Compression Ratio: 0.000986, Time: 198.714µs\n",
      "Quality: 7, LG Window Size: 20, Compression Ratio: 0.001976, Time: 5.096004ms\n",
      "Quality: 7, LG Window Size: 21, Compression Ratio: 0.001976, Time: 1.145527ms\n",
      "Quality: 7, LG Window Size: 22, Compression Ratio: 0.001976, Time: 1.111698ms\n",
      "Quality: 8, LG Window Size: 20, Compression Ratio: 0.001976, Time: 5.420414ms\n",
      "Quality: 8, LG Window Size: 21, Compression Ratio: 0.001976, Time: 1.236015ms\n",
      "Quality: 8, LG Window Size: 22, Compression Ratio: 0.001976, Time: 1.093028ms\n",
      "Quality: 9, LG Window Size: 20, Compression Ratio: 0.001978, Time: 6.731527ms\n",
      "Quality: 9, LG Window Size: 21, Compression Ratio: 0.001978, Time: 6.431725ms\n",
      "Quality: 9, LG Window Size: 22, Compression Ratio: 0.001978, Time: 5.772455ms\n",
      "Quality: 10, LG Window Size: 20, Compression Ratio: 0.000000, Time: 4.642757ms\n",
      "Quality: 10, LG Window Size: 21, Compression Ratio: 0.000000, Time: 7.627421ms\n",
      "Quality: 10, LG Window Size: 22, Compression Ratio: 0.000000, Time: 3.768492ms\n"
     ]
    },
    {
     "data": {
      "application/vnd.plotly.v1+json": {
       "config": {},
       "data": [
        {
         "hovertext": [
          "lg_window: 20, quality: 3",
          "lg_window: 21, quality: 3",
          "lg_window: 22, quality: 3",
          "lg_window: 20, quality: 4",
          "lg_window: 21, quality: 4",
          "lg_window: 22, quality: 4",
          "lg_window: 20, quality: 5",
          "lg_window: 21, quality: 5",
          "lg_window: 22, quality: 5"
         ],
         "marker": {
          "color": "blue",
          "size": 8
         },
         "mode": "markers",
         "name": "Q 3-5",
         "type": "scatter",
         "x": [
          0.000479666,
          0.000097877,
          0.000080668,
          0.000629392,
          0.000145466,
          0.000127437,
          0.000947063,
          0.000178485,
          0.000164716
         ],
         "y": [
          0.0034158838599487617,
          0.0034158838599487617,
          0.0034158838599487617,
          0.0009293680297397769,
          0.0009293680297397769,
          0.0009293680297397769,
          0.000984251968503937,
          0.000984251968503937,
          0.000984251968503937
         ]
        },
        {
         "hovertext": [
          "lg_window: 20, quality: 6",
          "lg_window: 21, quality: 6",
          "lg_window: 22, quality: 6",
          "lg_window: 20, quality: 7",
          "lg_window: 21, quality: 7",
          "lg_window: 22, quality: 7",
          "lg_window: 20, quality: 8",
          "lg_window: 21, quality: 8",
          "lg_window: 22, quality: 8"
         ],
         "marker": {
          "color": "green",
          "size": 8
         },
         "mode": "markers",
         "name": "Q 6-8",
         "type": "scatter",
         "x": [
          0.00139758,
          0.000220834,
          0.000198714,
          0.005096004,
          0.001145527,
          0.001111698,
          0.005420414,
          0.001236015,
          0.001093028
         ],
         "y": [
          0.0009861932938856016,
          0.0009861932938856016,
          0.0009861932938856016,
          0.001976284584980237,
          0.001976284584980237,
          0.001976284584980237,
          0.001976284584980237,
          0.001976284584980237,
          0.001976284584980237
         ]
        },
        {
         "hovertext": [
          "lg_window: 20, quality: 9",
          "lg_window: 21, quality: 9",
          "lg_window: 22, quality: 9",
          "lg_window: 20, quality: 10",
          "lg_window: 21, quality: 10",
          "lg_window: 22, quality: 10"
         ],
         "marker": {
          "color": "magenta",
          "size": 8
         },
         "mode": "markers",
         "name": "Q 9+",
         "type": "scatter",
         "x": [
          0.006731527,
          0.006431725,
          0.005772455,
          0.004642757,
          0.007627421,
          0.003768492
         ],
         "y": [
          0.0019782393669634025,
          0.0019782393669634025,
          0.0019782393669634025,
          0,
          0,
          0
         ]
        }
       ],
       "frames": null,
       "layout": {
        "title": {
         "text": "NCD Brotli: distance and compression time"
        },
        "xaxis": {
         "title": {
          "text": "Compression Time (seconds). The lower, the better"
         },
         "type": "log"
        },
        "yaxis": {
         "title": {
          "text": "Distance. The lower, the better"
         },
         "type": "log"
        }
       }
      }
     },
     "execution_count": 6,
     "metadata": {},
     "output_type": "execute_result"
    }
   ],
   "source": [
    "const FILE_PATH: &str =\n",
    "    \"../../dataset/imdb/list/ls541382956/?ref_=tt_urls_2.html\";\n",
    "\n",
    "println!(\"Brotli Compression Benchmark\");\n",
    "let page_html: String = read_from_file(FILE_PATH);\n",
    "let mut results: Vec<benchmarks::BenchmarkResult> = Vec::new();\n",
    "\n",
    "for quality in 3..11 {\n",
    "    for lg_window_size in 20..=22 {\n",
    "        let start = Instant::now();\n",
    "        let compressor = CompressBrotli::<InMemoryCache>::new(quality, lg_window_size);\n",
    "        let result = compressor.get_distance(&page_html, &page_html);\n",
    "        let duration = start.elapsed();\n",
    "\n",
    "        let benchmark_result = benchmarks::BenchmarkResult {\n",
    "            quality,\n",
    "            lg_window_size,\n",
    "            compression_ratio: result,\n",
    "            duration,\n",
    "        };\n",
    "\n",
    "        results.push(benchmark_result.clone());\n",
    "        println!(\"Quality: {quality}, LG Window Size: {lg_window_size}, Compression Ratio: {:.6}, Time: {:?}\", result, duration);\n",
    "    }\n",
    "}\n",
    "\n",
    "benchmarks::point_series(&results)"
   ]
  },
  {
   "cell_type": "code",
   "execution_count": 7,
   "id": "1a807901",
   "metadata": {
    "vscode": {
     "languageId": "rust"
    }
   },
   "outputs": [],
   "source": [
    "let zstd: CompressZstd<InMemoryCache> = CompressZstd::<InMemoryCache>::recommended();"
   ]
  },
  {
   "cell_type": "code",
   "execution_count": 8,
   "id": "a59c92cd",
   "metadata": {
    "vscode": {
     "languageId": "rust"
    }
   },
   "outputs": [
    {
     "data": {
      "application/vnd.plotly.v1+json": {
       "config": {},
       "data": [
        {
         "reversescale": true,
         "type": "heatmap",
         "x": [
          "/2025/08/16/zelenskyy-… 📄",
          "/my-europe/2025/08/16/european-l… 📄",
          "/2025/08/16/death-toll… 📄",
          "/2025/08/16/uk-trade-e… 📄",
          "/2025/08/16/protesters… 📄",
          "/culture/2025/08/16/two-years-… 📄",
          "/profiles/3374 👤",
          "/profiles/3468 👤",
          "/profiles/3467 👤",
          "/profiles/2972 👤",
          "/profiles/2538 👤",
          "/profiles/1644 👤",
          "/business 📂",
          "/travel 📂",
          "/culture 📂",
          "/green 📂",
          "/tag/donald-tru… 🏷️",
          "/tag/tourism 🏷️",
          "/tag/japan 🏷️",
          "/tag/vladimir-p… 🏷️",
          "/tag/russia-ukr… 🏷️",
          "/tag/sel-felake… 🏷️",
          "/special/inclassica ✨",
          "/special/kazakhstan ✨",
          "/special/azerbaijan… ✨",
          "/special/discover-a… ✨"
         ],
         "y": [
          "/2025/08/16/zelenskyy-… 📄",
          "/my-europe/2025/08/16/european-l… 📄",
          "/2025/08/16/death-toll… 📄",
          "/2025/08/16/uk-trade-e… 📄",
          "/2025/08/16/protesters… 📄",
          "/culture/2025/08/16/two-years-… 📄",
          "/profiles/3374 👤",
          "/profiles/3468 👤",
          "/profiles/3467 👤",
          "/profiles/2972 👤",
          "/profiles/2538 👤",
          "/profiles/1644 👤",
          "/business 📂",
          "/travel 📂",
          "/culture 📂",
          "/green 📂",
          "/tag/donald-tru… 🏷️",
          "/tag/tourism 🏷️",
          "/tag/japan 🏷️",
          "/tag/vladimir-p… 🏷️",
          "/tag/russia-ukr… 🏷️",
          "/tag/sel-felake… 🏷️",
          "/special/inclassica ✨",
          "/special/kazakhstan ✨",
          "/special/azerbaijan… ✨",
          "/special/discover-a… ✨"
         ],
         "z": [
          [
           0.002857572567303354,
           0.04857873364415702,
           0.08332080012031884,
           0.11520529402917731,
           0.08587757557527448,
           0.10573018499022409,
           0.4629267559031433,
           0.36170852759813504,
           0.46397954579636036,
           0.3501278387727478,
           0.3627613174913521,
           0.36591968717100315,
           0.3486238532110092,
           0.35072943299744325,
           0.3450142878628365,
           0.34561588208753197,
           0.3289216423522334,
           0.3537374041209204,
           0.3543389983456159,
           0.3540382012332682,
           0.3534366070085727,
           0.3550909911264852,
           0.363964505940743,
           0.36712287562039403,
           0.322310405643739,
           0.36862686118213267
          ],
          [
           0.04857873364415702,
           0.0024551173852999848,
           0.06690194874942458,
           0.09283412613165568,
           0.07058462482737456,
           0.0876170016878932,
           0.45112781954887216,
           0.34141476139327914,
           0.45204848856835966,
           0.3319011815252417,
           0.3426423200859291,
           0.3472456651833666,
           0.32867883995703545,
           0.3317477366886604,
           0.32683750191806044,
           0.3279116157741292,
           0.3085775663648918,
           0.33389596440079794,
           0.3342028540739604,
           0.3337425195642167,
           0.3348166334202854,
           0.3348166334202854,
           0.34540432714439157,
           0.34908700322234154,
           0.3167254556143445,
           0.3507748964247353
          ],
          [
           0.08332080012031884,
           0.06690194874942458,
           0.003141196795979268,
           0.052929166012250665,
           0.016805402858489086,
           0.11749960833463889,
           0.4380398931993089,
           0.32621328726244697,
           0.43882519239830375,
           0.3158473378357154,
           0.3265274069420449,
           0.3317103816554107,
           0.3141196795979268,
           0.31694675671430816,
           0.31129260248154544,
           0.3120779016805403,
           0.3282550651798335,
           0.31773205591330295,
           0.3180461755929009,
           0.31773205591330295,
           0.3185173551122978,
           0.3189885346316947,
           0.3317103816554107,
           0.33453745877179203,
           0.35038212815990594,
           0.334694518611591
          ],
          [
           0.11520529402917731,
           0.09283412613165568,
           0.052929166012250665,
           0.003368623676612127,
           0.05144745122718691,
           0.11217295942346858,
           0.4271735643246712,
           0.3121591273660571,
           0.4279756175810074,
           0.3007699711260828,
           0.31328200192492783,
           0.31600898299647096,
           0.30093038177735004,
           0.30397818415142763,
           0.29756175810073787,
           0.29740134744947067,
           0.3150465190888675,
           0.3041385948026949,
           0.30397818415142763,
           0.3038177735001604,
           0.30510105871029836,
           0.30397818415142763,
           0.31729226820660894,
           0.321944177093359,
           0.3508230452674897,
           0.3222649983958935
          ],
          [
           0.08587757557527448,
           0.07058462482737456,
           0.016805402858489086,
           0.05144745122718691,
           0.0025173064820641915,
           0.11483628387905373,
           0.4367526746381372,
           0.3239458779106356,
           0.4375393329137823,
           0.3141913152926369,
           0.3247325361862807,
           0.3300818124606671,
           0.3124606670862177,
           0.315607300188798,
           0.3093140339836375,
           0.31010069225928255,
           0.3263058527375708,
           0.31544996853366897,
           0.315921963499056,
           0.315764631843927,
           0.31544996853366897,
           0.3168659534298301,
           0.3299244808055381,
           0.33134046570169917,
           0.35008818342151676,
           0.33134046570169917
          ],
          [
           0.10573018499022409,
           0.0876170016878932,
           0.11749960833463889,
           0.11217295942346858,
           0.11483628387905373,
           0.0028199906000313333,
           0.4402318658937803,
           0.33040889863700457,
           0.44054519818267274,
           0.3199122669591101,
           0.33040889863700457,
           0.33463888453705154,
           0.31239229202569324,
           0.31881560394798686,
           0.3042456525144916,
           0.3136456211812627,
           0.29547234842550524,
           0.3221055929813567,
           0.3221055929813567,
           0.3224189252702491,
           0.32163559454801816,
           0.32179226069246436,
           0.33244555851480495,
           0.33761554128152904,
           0.31907701352145795,
           0.3396522011593295
          ],
          [
           0.4629267559031433,
           0.45112781954887216,
           0.4380398931993089,
           0.4271735643246712,
           0.4367526746381372,
           0.4402318658937803,
           0.004766227871084884,
           0.22457041279873594,
           0.08338952573612048,
           0.22537431048069345,
           0.2150601222156515,
           0.21682720660507177,
           0.381773828193065,
           0.3810518982932776,
           0.4040047114252061,
           0.38715247798307717,
           0.3255039763269835,
           0.30906332954114524,
           0.30475463051365287,
           0.30021101093420294,
           0.30256606664113367,
           0.30262401838728215,
           0.3191529589714502,
           0.3517404774922544,
           0.4729570840681952,
           0.3360892136127668
          ],
          [
           0.36170852759813504,
           0.34141476139327914,
           0.32621328726244697,
           0.3121591273660571,
           0.3239458779106356,
           0.33040889863700457,
           0.22457041279873594,
           0.0045427612087695045,
           0.2314833102903417,
           0.07387706855791962,
           0.07530061107825745,
           0.09455474739532141,
           0.25422547482139746,
           0.2551375827237896,
           0.2799932693925627,
           0.26144016577447765,
           0.1884594044756797,
           0.1664770572620402,
           0.16154286805422952,
           0.15633991943218875,
           0.15894293374186136,
           0.15916491093660218,
           0.17867271695972772,
           0.21578275924913431,
           0.36258083480305703,
           0.19361661218996346
          ],
          [
           0.46397954579636036,
           0.45204848856835966,
           0.43882519239830375,
           0.4279756175810074,
           0.4375393329137823,
           0.44054519818267274,
           0.08338952573612048,
           0.2314833102903417,
           0.004944931445268599,
           0.22084318360914107,
           0.21407451212300413,
           0.2101435030469825,
           0.3824708137306151,
           0.3824451410658307,
           0.4048460373548713,
           0.3868071144879986,
           0.3277233216201221,
           0.3054607508532423,
           0.3013175482146267,
           0.29906004220218685,
           0.29892761394101874,
           0.29898486879908065,
           0.32558139534883723,
           0.35666119919810463,
           0.4731040564373898,
           0.33705056719861565
          ],
          [
           0.3501278387727478,
           0.3319011815252417,
           0.3158473378357154,
           0.3007699711260828,
           0.3141913152926369,
           0.3199122669591101,
           0.22537431048069345,
           0.07387706855791962,
           0.22084318360914107,
           0.0031520882584712374,
           0.06993695823483058,
           0.0813839197955573,
           0.2415054887611082,
           0.2413793103448276,
           0.2668685848897863,
           0.24779830771887412,
           0.17884224153874606,
           0.14808494501327266,
           0.14282986442619822,
           0.13869173220794168,
           0.14113366526235158,
           0.14001149205133115,
           0.17300056721497448,
           0.21031529068707855,
           0.3558201058201058,
           0.17842722553355125
          ],
          [
           0.3627613174913521,
           0.3426423200859291,
           0.3265274069420449,
           0.31328200192492783,
           0.3247325361862807,
           0.33040889863700457,
           0.2150601222156515,
           0.07530061107825745,
           0.21407451212300413,
           0.06993695823483058,
           0.003745318352059925,
           0.07017888735993709,
           0.2545739675901725,
           0.255660048763497,
           0.2808345953222278,
           0.2624762562597133,
           0.18383576844830776,
           0.1632536973833902,
           0.15772388772197823,
           0.15327066948014578,
           0.156644963615473,
           0.15399348783757902,
           0.17999621856683684,
           0.21578275924913431,
           0.36875367430922984,
           0.194001153624303
          ],
          [
           0.36591968717100315,
           0.3472456651833666,
           0.3317103816554107,
           0.31600898299647096,
           0.3300818124606671,
           0.33463888453705154,
           0.21682720660507177,
           0.09455474739532141,
           0.2101435030469825,
           0.0813839197955573,
           0.07017888735993709,
           0.0037350108118734027,
           0.2573619097403729,
           0.25844653430860326,
           0.28100286050816087,
           0.26610257295803835,
           0.20085074902903644,
           0.1725445582100872,
           0.16822608363566927,
           0.16305390370228276,
           0.16564534661049407,
           0.16529400497988891,
           0.19493287956135374,
           0.23072717331875342,
           0.37286890064667844,
           0.20073062872524514
          ],
          [
           0.3486238532110092,
           0.32867883995703545,
           0.3141196795979268,
           0.30093038177735004,
           0.3124606670862177,
           0.31239229202569324,
           0.381773828193065,
           0.25422547482139746,
           0.3824708137306151,
           0.2415054887611082,
           0.2545739675901725,
           0.2573619097403729,
           0.0026136957658128594,
           0.14367816091954022,
           0.16136631330977622,
           0.13538249007079953,
           0.22530057501306847,
           0.21536853110297963,
           0.21641400940930475,
           0.21658825579369229,
           0.21850496602195504,
           0.2195504443282802,
           0.22564906778184352,
           0.22286112563164315,
           0.335243974132863,
           0.23470987976999477
          ],
          [
           0.35072943299744325,
           0.3317477366886604,
           0.31694675671430816,
           0.30397818415142763,
           0.315607300188798,
           0.31881560394798686,
           0.3810518982932776,
           0.2551375827237896,
           0.3824451410658307,
           0.2413793103448276,
           0.255660048763497,
           0.25844653430860326,
           0.14367816091954022,
           0.0024381748519679554,
           0.1739862022547535,
           0.15006043861163876,
           0.23545802856147685,
           0.21769418321142459,
           0.22274468826192964,
           0.22413793103448276,
           0.22553117380703588,
           0.22657610588645072,
           0.2283176593521421,
           0.22657610588645072,
           0.33803644914756026,
           0.23737373737373738
          ],
          [
           0.3450142878628365,
           0.32683750191806044,
           0.31129260248154544,
           0.29756175810073787,
           0.3093140339836375,
           0.3042456525144916,
           0.4040047114252061,
           0.2799932693925627,
           0.4048460373548713,
           0.2668685848897863,
           0.2808345953222278,
           0.28100286050816087,
           0.16136631330977622,
           0.1739862022547535,
           0.003028773346794548,
           0.16136631330977622,
           0.25391216557294294,
           0.2370856469796399,
           0.24415278478882718,
           0.24448931516069325,
           0.24617196702002356,
           0.24617196702002356,
           0.24634023220595658,
           0.242974928487296,
           0.335978835978836,
           0.26148409893992935
          ],
          [
           0.34561588208753197,
           0.3279116157741292,
           0.3120779016805403,
           0.29740134744947067,
           0.31010069225928255,
           0.3136456211812627,
           0.38715247798307717,
           0.26144016577447765,
           0.3868071144879986,
           0.24779830771887412,
           0.2624762562597133,
           0.26610257295803835,
           0.13538249007079953,
           0.15006043861163876,
           0.16136631330977622,
           0.0025902262130892764,
           0.23536522189604558,
           0.2225867725781385,
           0.22172336384044206,
           0.22569504403384563,
           0.22759454325677775,
           0.22500431704368848,
           0.23225695044033845,
           0.22897599723709203,
           0.3342151675485009,
           0.24209981005007772
          ],
          [
           0.3289216423522334,
           0.3085775663648918,
           0.3282550651798335,
           0.3150465190888675,
           0.3263058527375708,
           0.29547234842550524,
           0.3255039763269835,
           0.1884594044756797,
           0.3277233216201221,
           0.17884224153874606,
           0.18383576844830776,
           0.20085074902903644,
           0.22530057501306847,
           0.23545802856147685,
           0.25391216557294294,
           0.23536522189604558,
           0.003144072498612909,
           0.10338450157203626,
           0.10763824671721842,
           0.10412428333641575,
           0.10042537451451822,
           0.10523395598298502,
           0.1664508969853893,
           0.1950063787133224,
           0.2933568489124045,
           0.2027002034399852
          ],
          [
           0.3537374041209204,
           0.33389596440079794,
           0.31773205591330295,
           0.3041385948026949,
           0.31544996853366897,
           0.3221055929813567,
           0.30906332954114524,
           0.1664770572620402,
           0.3054607508532423,
           0.14808494501327266,
           0.1632536973833902,
           0.1725445582100872,
           0.21536853110297963,
           0.21769418321142459,
           0.2370856469796399,
           0.2225867725781385,
           0.10338450157203626,
           0.0024649222601441033,
           0.07110352673492605,
           0.07281001137656427,
           0.07546454304133485,
           0.07432688661357603,
           0.1363206655322367,
           0.18917441224712958,
           0.3186360964138742,
           0.1695108077360637
          ],
          [
           0.3543389983456159,
           0.3342028540739604,
           0.3180461755929009,
           0.30397818415142763,
           0.315921963499056,
           0.3221055929813567,
           0.30475463051365287,
           0.16154286805422952,
           0.3013175482146267,
           0.14282986442619822,
           0.15772388772197823,
           0.16822608363566927,
           0.21641400940930475,
           0.22274468826192964,
           0.24415278478882718,
           0.22172336384044206,
           0.10763824671721842,
           0.07110352673492605,
           0.003055184265801031,
           0.057284704983769336,
           0.06797784991407295,
           0.060530838266182926,
           0.14331631688409907,
           0.19409513395297978,
           0.32319223985890655,
           0.16956272675195722
          ],
          [
           0.3540382012332682,
           0.3337425195642167,
           0.31773205591330295,
           0.3038177735001604,
           0.315764631843927,
           0.3224189252702491,
           0.30021101093420294,
           0.15633991943218875,
           0.29906004220218685,
           0.13869173220794168,
           0.15327066948014578,
           0.16305390370228276,
           0.21658825579369229,
           0.22413793103448276,
           0.24448931516069325,
           0.22569504403384563,
           0.10412428333641575,
           0.07281001137656427,
           0.057284704983769336,
           0.0024937655860349127,
           0.06491765607047108,
           0.06531315839877418,
           0.14407260351673284,
           0.19391288500091125,
           0.3220164609053498,
           0.16458852867830423
          ],
          [
           0.3534366070085727,
           0.3348166334202854,
           0.3185173551122978,
           0.30510105871029836,
           0.31544996853366897,
           0.32163559454801816,
           0.30256606664113367,
           0.15894293374186136,
           0.29892761394101874,
           0.14113366526235158,
           0.156644963615473,
           0.16564534661049407,
           0.21850496602195504,
           0.22553117380703588,
           0.24617196702002356,
           0.22759454325677775,
           0.10042537451451822,
           0.07546454304133485,
           0.06797784991407295,
           0.06491765607047108,
           0.0032554576790501722,
           0.0607047108387591,
           0.14634146341463414,
           0.19300164024056862,
           0.32245737801293356,
           0.16583684412102642
          ],
          [
           0.3550909911264852,
           0.3348166334202854,
           0.3189885346316947,
           0.30397818415142763,
           0.3168659534298301,
           0.32179226069246436,
           0.30262401838728215,
           0.15916491093660218,
           0.29898486879908065,
           0.14001149205133115,
           0.15399348783757902,
           0.16529400497988891,
           0.2195504443282802,
           0.22657610588645072,
           0.24617196702002356,
           0.22500431704368848,
           0.10523395598298502,
           0.07432688661357603,
           0.060530838266182926,
           0.06531315839877418,
           0.0607047108387591,
           0.0030645470216433632,
           0.14237095859330687,
           0.19245489338436303,
           0.32260435038212815,
           0.1668262784907106
          ],
          [
           0.363964505940743,
           0.34540432714439157,
           0.3317103816554107,
           0.31729226820660894,
           0.3299244808055381,
           0.33244555851480495,
           0.3191529589714502,
           0.17867271695972772,
           0.32558139534883723,
           0.17300056721497448,
           0.17999621856683684,
           0.19493287956135374,
           0.22564906778184352,
           0.2283176593521421,
           0.24634023220595658,
           0.23225695044033845,
           0.1664508969853893,
           0.1363206655322367,
           0.14331631688409907,
           0.14407260351673284,
           0.14634146341463414,
           0.14237095859330687,
           0.003403289846851957,
           0.1437944231820667,
           0.2929159318048207,
           0.14501796180752505
          ],
          [
           0.36712287562039403,
           0.34908700322234154,
           0.33453745877179203,
           0.321944177093359,
           0.33134046570169917,
           0.33761554128152904,
           0.3517404774922544,
           0.21578275924913431,
           0.35666119919810463,
           0.21031529068707855,
           0.21578275924913431,
           0.23072717331875342,
           0.22286112563164315,
           0.22657610588645072,
           0.242974928487296,
           0.22897599723709203,
           0.1950063787133224,
           0.18917441224712958,
           0.19409513395297978,
           0.19391288500091125,
           0.19300164024056862,
           0.19245489338436303,
           0.1437944231820667,
           0.004009476945507563,
           0.2882128159905938,
           0.15272462183342445
          ],
          [
           0.322310405643739,
           0.3167254556143445,
           0.35038212815990594,
           0.3508230452674897,
           0.35008818342151676,
           0.31907701352145795,
           0.4729570840681952,
           0.36258083480305703,
           0.4731040564373898,
           0.3558201058201058,
           0.36875367430922984,
           0.37286890064667844,
           0.335243974132863,
           0.33803644914756026,
           0.335978835978836,
           0.3342151675485009,
           0.2933568489124045,
           0.3186360964138742,
           0.32319223985890655,
           0.3220164609053498,
           0.32245737801293356,
           0.32260435038212815,
           0.2929159318048207,
           0.2882128159905938,
           0.0036743092298647854,
           0.3117283950617284
          ],
          [
           0.36862686118213267,
           0.3507748964247353,
           0.334694518611591,
           0.3222649983958935,
           0.33134046570169917,
           0.3396522011593295,
           0.3360892136127668,
           0.19361661218996346,
           0.33705056719861565,
           0.17842722553355125,
           0.194001153624303,
           0.20073062872524514,
           0.23470987976999477,
           0.23737373737373738,
           0.26148409893992935,
           0.24209981005007772,
           0.2027002034399852,
           0.1695108077360637,
           0.16956272675195722,
           0.16458852867830423,
           0.16583684412102642,
           0.1668262784907106,
           0.14501796180752505,
           0.15272462183342445,
           0.3117283950617284,
           0.004037685060565276
          ]
         ]
        }
       ],
       "frames": null,
       "layout": {
        "height": 800,
        "title": {
         "text": "Normalized Compression Distance for euronews.com"
        },
        "width": 800,
        "xaxis": {
         "automargin": true,
         "side": "bottom",
         "tickangle": -90,
         "ticktext": [
          "/2025/08/16/zelenskyy-… 📄",
          "/my-europe/2025/08/16/european-l… 📄",
          "/2025/08/16/death-toll… 📄",
          "/2025/08/16/uk-trade-e… 📄",
          "/2025/08/16/protesters… 📄",
          "/culture/2025/08/16/two-years-… 📄",
          "/profiles/3374 👤",
          "/profiles/3468 👤",
          "/profiles/3467 👤",
          "/profiles/2972 👤",
          "/profiles/2538 👤",
          "/profiles/1644 👤",
          "/business 📂",
          "/travel 📂",
          "/culture 📂",
          "/green 📂",
          "/tag/donald-tru… 🏷️",
          "/tag/tourism 🏷️",
          "/tag/japan 🏷️",
          "/tag/vladimir-p… 🏷️",
          "/tag/russia-ukr… 🏷️",
          "/tag/sel-felake… 🏷️",
          "/special/inclassica ✨",
          "/special/kazakhstan ✨",
          "/special/azerbaijan… ✨",
          "/special/discover-a… ✨"
         ],
         "title": {
          "text": "Page A"
         }
        },
        "yaxis": {
         "automargin": true,
         "scaleanchor": "x",
         "ticktext": [
          "/2025/08/16/zelenskyy-… 📄",
          "/my-europe/2025/08/16/european-l… 📄",
          "/2025/08/16/death-toll… 📄",
          "/2025/08/16/uk-trade-e… 📄",
          "/2025/08/16/protesters… 📄",
          "/culture/2025/08/16/two-years-… 📄",
          "/profiles/3374 👤",
          "/profiles/3468 👤",
          "/profiles/3467 👤",
          "/profiles/2972 👤",
          "/profiles/2538 👤",
          "/profiles/1644 👤",
          "/business 📂",
          "/travel 📂",
          "/culture 📂",
          "/green 📂",
          "/tag/donald-tru… 🏷️",
          "/tag/tourism 🏷️",
          "/tag/japan 🏷️",
          "/tag/vladimir-p… 🏷️",
          "/tag/russia-ukr… 🏷️",
          "/tag/sel-felake… 🏷️",
          "/special/inclassica ✨",
          "/special/kazakhstan ✨",
          "/special/azerbaijan… ✨",
          "/special/discover-a… ✨"
         ],
         "title": {
          "text": "Page B"
         }
        }
       }
      }
     },
     "execution_count": 8,
     "metadata": {},
     "output_type": "execute_result"
    }
   ],
   "source": [
    "benchmarks::bench_tests::distance_matrix::heatmap(&zstd, \"euronews.com\")"
   ]
  },
  {
   "cell_type": "code",
   "execution_count": 9,
   "id": "8436ee62",
   "metadata": {
    "vscode": {
     "languageId": "rust"
    }
   },
   "outputs": [
    {
     "data": {
      "application/vnd.plotly.v1+json": {
       "config": {},
       "data": [
        {
         "reversescale": true,
         "type": "heatmap",
         "x": [
          "/s?k=gaming 🔍",
          "/s?k=cleani… 🔍",
          "/s?k=cooker 🔍",
          "/s?k=Jeans 🔍",
          "/s?k=home+i… 🔍",
          "/s?k=Knits+… 🔍",
          "/s?k=headph… 🔍",
          "/s?k=kitche… 🔍",
          "/s?k=laptop… 🔍",
          "/ZELUS-Weig…/dp/B07518RBH2/ 🛍️",
          "/Stanley-Ic…/dp/B0CSF47VXR/ 🛍️",
          "/Amazon-Bas…/dp/B01LR5RO5U/ 🛍️",
          "/Roadbox-Pr…/dp/B07PLJR3H7/ 🛍️",
          "/Rainleaf-M…/dp/B01K1TX77W/ 🛍️",
          "/Resistance…/dp/B08DLXZKF7/ 🛍️",
          "/Owala-Insu…/dp/B0CRC73JTS/ 🛍️",
          "/AmazonBasi…/dp/B01LP0U5X0/ 🛍️",
          "/Franklin-S…/dp/B06XTW1BND/ 🛍️",
          "/Speedo-Uni…/dp/B0BR7JQH6W/ 🛍️",
          "/stores/BAGAIL/page/81E55272-2… 🏬",
          "/stores/EHEYCIGA/page/1F9B6892-A… 🏬",
          "/stores/Molasus/page/F1796EB9-8… 🏬",
          "/stores/Everlastin…/page/73874DA8-1… 🏬",
          "/stores/WOLFBOX/page/CFE0BA86-D… 🏬",
          "/stores/page/869CF3D1-8… 🏬",
          "/stores/CRAFTSMAN/page/1856ED19-1… 🏬",
          "/stores/LOAAO/page/447459EE-A… 🏬",
          "/stores/CGKUnlimit…/page/CA071EDA-0… 🏬",
          "/stores/Falechay/page/22B2C144-D… 🏬"
         ],
         "y": [
          "/s?k=gaming 🔍",
          "/s?k=cleani… 🔍",
          "/s?k=cooker 🔍",
          "/s?k=Jeans 🔍",
          "/s?k=home+i… 🔍",
          "/s?k=Knits+… 🔍",
          "/s?k=headph… 🔍",
          "/s?k=kitche… 🔍",
          "/s?k=laptop… 🔍",
          "/ZELUS-Weig…/dp/B07518RBH2/ 🛍️",
          "/Stanley-Ic…/dp/B0CSF47VXR/ 🛍️",
          "/Amazon-Bas…/dp/B01LR5RO5U/ 🛍️",
          "/Roadbox-Pr…/dp/B07PLJR3H7/ 🛍️",
          "/Rainleaf-M…/dp/B01K1TX77W/ 🛍️",
          "/Resistance…/dp/B08DLXZKF7/ 🛍️",
          "/Owala-Insu…/dp/B0CRC73JTS/ 🛍️",
          "/AmazonBasi…/dp/B01LP0U5X0/ 🛍️",
          "/Franklin-S…/dp/B06XTW1BND/ 🛍️",
          "/Speedo-Uni…/dp/B0BR7JQH6W/ 🛍️",
          "/stores/BAGAIL/page/81E55272-2… 🏬",
          "/stores/EHEYCIGA/page/1F9B6892-A… 🏬",
          "/stores/Molasus/page/F1796EB9-8… 🏬",
          "/stores/Everlastin…/page/73874DA8-1… 🏬",
          "/stores/WOLFBOX/page/CFE0BA86-D… 🏬",
          "/stores/page/869CF3D1-8… 🏬",
          "/stores/CRAFTSMAN/page/1856ED19-1… 🏬",
          "/stores/LOAAO/page/447459EE-A… 🏬",
          "/stores/CGKUnlimit…/page/CA071EDA-0… 🏬",
          "/stores/Falechay/page/22B2C144-D… 🏬"
         ],
         "z": [
          [
           0.004218561671353958,
           0.3688024408848207,
           0.3704298915226999,
           0.4666709685745628,
           0.38656756394803804,
           0.4326968411126827,
           0.41095443269356313,
           0.3810401188707281,
           0.380653769179453,
           0.8602161363941468,
           0.8483481298209867,
           0.8424591381872214,
           0.8609516693271746,
           0.8440565070999854,
           0.8507510160805796,
           0.8354839982636834,
           0.8503638089212274,
           0.840195817995522,
           0.8267033779896441,
           0.7999866077407258,
           0.8114369894201152,
           0.811704834605598,
           0.8115039507164858,
           0.8131110218293827,
           0.8115709120128566,
           0.8134458283112361,
           0.7965046203294496,
           0.8129770992366412,
           0.812575331458417
          ],
          [
           0.3688024408848207,
           0.004068141367912535,
           0.3494787693872362,
           0.409674548690567,
           0.4328121027205695,
           0.40075436115040075,
           0.3839944063056191,
           0.3340267459138187,
           0.4470505975082634,
           0.8587058665592697,
           0.8467835831756658,
           0.8453937592867756,
           0.8585741942057535,
           0.8444224857268335,
           0.8528361901396007,
           0.8365889270352393,
           0.8517698337375654,
           0.8445599787484346,
           0.8277307471028191,
           0.8071446732773964,
           0.8087973557081108,
           0.8112128146453089,
           0.8088609204169845,
           0.8091787439613527,
           0.8101957793033308,
           0.809115179252479,
           0.8082252733282481,
           0.8124841088227815,
           0.8103864734299517
          ],
          [
           0.3704298915226999,
           0.3494787693872362,
           0.002886211126343892,
           0.41640317480802735,
           0.32765711811819037,
           0.39933993399339934,
           0.34932758845802325,
           0.36208023774145615,
           0.39866577718478985,
           0.8520942408376964,
           0.8411803230970747,
           0.8361812778603269,
           0.8523587949597528,
           0.838676621285317,
           0.8472521646934087,
           0.8288544256343475,
