{
 "cells": [
  {
   "cell_type": "code",
   "execution_count": 20,
   "id": "49400c1d",
   "metadata": {},
   "outputs": [
    {
     "data": {
      "text/plain": [
       "Optimization: 3\n"
      ]
     },
     "execution_count": 20,
     "metadata": {},
     "output_type": "execute_result"
    }
   ],
   "source": [
    ":opt 3\n",
    ":dep kolmox = { path = \"../src/lib\" }\n",
    ":dep plotly = \"0.13\"\n",
    ":dep .\n",
    "\n",
    "use benchmark::BenchmarkResult;\n",
    "use kolmox::compress::{\n",
    "    brotli::CompressBrotli,\n",
    "    Compressor,\n",
    "    cache::{Cache, InMemoryCache}\n",
    "};\n",
    "use std::time::{Duration, Instant};\n",
    "\n",
    "fn read_from_file(file_path: &str) -> String {\n",
    "    std::fs::read_to_string(file_path).expect(\"Failed to read file\")\n",
    "}"
   ]
  },
  {
   "cell_type": "code",
   "execution_count": 21,
   "id": "195b0450",
   "metadata": {},
   "outputs": [
    {
     "name": "stdout",
     "output_type": "stream",
     "text": [
      "Brotli Compression Benchmark\n",
      "Quality: 3, LG Window Size: 20, Compression Ratio: 0.577553, Time: 53.277625ms\n",
      "Quality: 3, LG Window Size: 21, Compression Ratio: 0.000223, Time: 33.113708ms\n",
      "Quality: 3, LG Window Size: 22, Compression Ratio: 0.000223, Time: 33.245375ms\n",
      "Quality: 4, LG Window Size: 20, Compression Ratio: 0.540567, Time: 52.092917ms\n",
      "Quality: 4, LG Window Size: 21, Compression Ratio: 0.000053, Time: 43.1475ms\n",
      "Quality: 4, LG Window Size: 22, Compression Ratio: 0.000053, Time: 41.41275ms\n",
      "Quality: 5, LG Window Size: 20, Compression Ratio: 0.552726, Time: 84.970875ms\n",
      "Quality: 5, LG Window Size: 21, Compression Ratio: 0.000080, Time: 72.304375ms\n",
      "Quality: 5, LG Window Size: 22, Compression Ratio: 0.000080, Time: 70.561ms\n",
      "Quality: 6, LG Window Size: 20, Compression Ratio: 0.547157, Time: 96.889833ms\n",
      "Quality: 6, LG Window Size: 21, Compression Ratio: 0.000081, Time: 76.594625ms\n",
      "Quality: 6, LG Window Size: 22, Compression Ratio: 0.000081, Time: 78.1095ms\n",
      "Quality: 7, LG Window Size: 20, Compression Ratio: 0.543586, Time: 112.120708ms\n",
      "Quality: 7, LG Window Size: 21, Compression Ratio: 0.000082, Time: 91.014375ms\n",
      "Quality: 7, LG Window Size: 22, Compression Ratio: 0.000082, Time: 88.307791ms\n",
      "Quality: 8, LG Window Size: 20, Compression Ratio: 0.542461, Time: 136.976083ms\n",
      "Quality: 8, LG Window Size: 21, Compression Ratio: 0.000082, Time: 105.303875ms\n",
      "Quality: 8, LG Window Size: 22, Compression Ratio: 0.000082, Time: 108.110042ms\n",
      "Quality: 9, LG Window Size: 20, Compression Ratio: 0.531253, Time: 189.278875ms\n",
      "Quality: 9, LG Window Size: 21, Compression Ratio: 0.000075, Time: 146.502167ms\n",
      "Quality: 9, LG Window Size: 22, Compression Ratio: 0.000075, Time: 150.200667ms\n",
      "Quality: 10, LG Window Size: 20, Compression Ratio: 0.534412, Time: 2.182645333s\n",
      "Quality: 10, LG Window Size: 21, Compression Ratio: 0.000656, Time: 1.619297084s\n",
      "Quality: 10, LG Window Size: 22, Compression Ratio: 0.000656, Time: 1.8625395s\n"
     ]
    },
    {
     "data": {
      "application/vnd.plotly.v1+json": {
       "config": {},
       "data": [
        {
         "hovertext": [
          "lg_window: 20, quality: 3",
          "lg_window: 21, quality: 3",
          "lg_window: 22, quality: 3",
          "lg_window: 20, quality: 4",
          "lg_window: 21, quality: 4",
          "lg_window: 22, quality: 4",
          "lg_window: 20, quality: 5",
          "lg_window: 21, quality: 5",
          "lg_window: 22, quality: 5"
         ],
         "marker": {
          "color": "blue",
          "size": 8
         },
         "mode": "markers",
         "name": "Q 3-5",
         "type": "scatter",
         "x": [
          0.053277625,
          0.033113708,
          0.033245375,
          0.052092917,
          0.0431475,
          0.04141275,
          0.084970875,
          0.072304375,
          0.070561
         ],
         "y": [
          0.5775526519271851,
          0.00022279595821920502,
          0.00022279595821920502,
          0.5405669664236684,
          0.00005321130208056191,
          0.00005321130208056191,
          0.5527262642407257,
          0.00008028083696421664,
          0.00008028083696421664
         ]
        },
        {
         "hovertext": [
          "lg_window: 20, quality: 6",
          "lg_window: 21, quality: 6",
          "lg_window: 22, quality: 6",
          "lg_window: 20, quality: 7",
          "lg_window: 21, quality: 7",
          "lg_window: 22, quality: 7",
          "lg_window: 20, quality: 8",
          "lg_window: 21, quality: 8",
          "lg_window: 22, quality: 8"
         ],
         "marker": {
          "color": "green",
          "size": 8
         },
         "mode": "markers",
         "name": "Q 6-8",
         "type": "scatter",
         "x": [
          0.096889833,
          0.076594625,
          0.0781095,
          0.112120708,
          0.091014375,
          0.088307791,
          0.136976083,
          0.105303875,
          0.108110042
         ],
         "y": [
          0.547156588644059,
          0.00008114547909028541,
          0.00008114547909028541,
          0.5435860090805734,
          0.00008174002214411509,
          0.00008174002214411509,
          0.5424608761070516,
          0.00008193485434217485,
          0.00008193485434217485
         ]
        },
        {
         "hovertext": [
          "lg_window: 20, quality: 9",
          "lg_window: 21, quality: 9",
          "lg_window: 22, quality: 9",
          "lg_window: 20, quality: 10",
          "lg_window: 21, quality: 10",
          "lg_window: 22, quality: 10"
         ],
         "marker": {
          "color": "magenta",
          "size": 8
         },
         "mode": "markers",
         "name": "Q 9+",
         "type": "scatter",
         "x": [
          0.189278875,
          0.146502167,
          0.150200667,
          2.182645333,
          1.619297084,
          1.8625395
         ],
         "y": [
          0.5312528031095829,
          0.00007474958887726118,
          0.00007474958887726118,
          0.5344123320311867,
          0.0006564764235812815,
          0.0006564764235812815
         ]
        }
       ],
       "frames": null,
       "layout": {
        "title": {
         "text": "NCD Brotli: distance and compression time"
        },
        "xaxis": {
         "title": {
          "text": "Compression Time (seconds). The lower, the better"
         },
         "type": "log"
        },
        "yaxis": {
         "title": {
          "text": "Distance. The lower, the better"
         },
         "type": "log"
        }
       }
      }
     },
     "execution_count": 21,
     "metadata": {},
     "output_type": "execute_result"
    }
   ],
   "source": [
    "const FILE_PATH: &str =\n",
    "    \"../../dataset/imdb/list/ls541382956/?ref_=tt_urls_2.html\";\n",
    "\n",
    "println!(\"Brotli Compression Benchmark\");\n",
    "let page_html = read_from_file(FILE_PATH);\n",
    "let mut results = Vec::new();\n",
    "\n",
    "for quality in 3..11 {\n",
    "    for lg_window_size in 20..=22 {\n",
    "        let start = Instant::now();\n",
    "        let compressor = CompressBrotli::<InMemoryCache>::new(quality, lg_window_size);\n",
    "        let result = compressor.get_distance(&page_html, &page_html);\n",
    "        let duration = start.elapsed();\n",
    "\n",
    "        let benchmark_result = benchmark::BenchmarkResult {\n",
    "            quality,\n",
    "            lg_window_size,\n",
    "            compression_ratio: result,\n",
    "            duration,\n",
    "        };\n",
    "\n",
    "        results.push(benchmark_result.clone());\n",
    "        println!(\"Quality: {quality}, LG Window Size: {lg_window_size}, Compression Ratio: {:.6}, Time: {:?}\", result, duration);\n",
    "    }\n",
    "}\n",
    "\n",
    "let plot = benchmark::point_series(&results);\n",
    "plot"
   ]
  },
  {
   "cell_type": "code",
   "execution_count": 22,
   "id": "1a807901",
   "metadata": {},
   "outputs": [],
   "source": [
    "let compressor = CompressBrotli::<InMemoryCache>::recommended();"
   ]
  },
  {
   "cell_type": "code",
   "execution_count": 23,
   "id": "a59c92cd",
   "metadata": {},
   "outputs": [
    {
     "data": {
      "application/vnd.plotly.v1+json": {
       "config": {},
       "data": [
        {
         "type": "heatmap",
         "x": [
          "/2025/08/16/zelenskyy-… 📄",
          "/my-europe/2025/08/16/european-l… 📄",
          "/2025/08/16/death-toll… 📄",
          "/2025/08/16/uk-trade-e… 📄",
          "/2025/08/16/protesters… 📄",
          "/culture/2025/08/16/two-years-… 📄",
          "/profiles/3374 👤",
          "/profiles/3468 👤",
          "/profiles/3467 👤",
          "/profiles/2972 👤",
          "/profiles/2538 👤",
          "/profiles/1644 👤",
          "/business 📂",
          "/travel 📂",
          "/culture 📂",
          "/green 📂",
          "/tag/donald-tru… 🏷️",
          "/tag/tourism 🏷️",
          "/tag/japan 🏷️",
          "/tag/vladimir-p… 🏷️",
          "/tag/russia-ukr… 🏷️",
          "/tag/sel-felake… 🏷️",
          "/special/inclassica ✨",
          "/special/kazakhstan ✨",
          "/special/azerbaijan… ✨",
          "/special/discover-a… ✨"
         ],
         "y": [
          "/2025/08/16/zelenskyy-… 📄",
          "/my-europe/2025/08/16/european-l… 📄",
          "/2025/08/16/death-toll… 📄",
          "/2025/08/16/uk-trade-e… 📄",
          "/2025/08/16/protesters… 📄",
          "/culture/2025/08/16/two-years-… 📄",
          "/profiles/3374 👤",
          "/profiles/3468 👤",
          "/profiles/3467 👤",
          "/profiles/2972 👤",
          "/profiles/2538 👤",
          "/profiles/1644 👤",
          "/business 📂",
          "/travel 📂",
          "/culture 📂",
          "/green 📂",
          "/tag/donald-tru… 🏷️",
          "/tag/tourism 🏷️",
          "/tag/japan 🏷️",
          "/tag/vladimir-p… 🏷️",
          "/tag/russia-ukr… 🏷️",
          "/tag/sel-felake… 🏷️",
          "/special/inclassica ✨",
          "/special/kazakhstan ✨",
          "/special/azerbaijan… ✨",
          "/special/discover-a… ✨"
         ],
         "z": [
          [
           0.00008037454538147769,
           0.11318745353346595,
           0.12803665079269394,
           0.13040769988144754,
           0.10954120018359975,
           0.18805634255631243,
           0.27252998975224546,
           0.2934675588241204,
           0.28954929973677335,
           0.27009865975445574,
           0.2796230433821609,
           0.3040569051781301,
           0.27805573974722203,
           0.2725500833885908,
           0.26937528884602246,
           0.26991781702734746,
           0.2678090141842576,
           0.2865953947368421,
           0.2699883893181727,
           0.269805886530419,
           0.2611444705133813,
           0.2843183331375083,
           0.2691140715735327,
           0.27182671248015755,
           0.26758695521128456,
           0.2909759479172946
          ],
          [
           0.11318745353346595,
           0.00010188279403374358,
           0.12191295134077756,
           0.12594750998451382,
           0.1267037857470714,
           0.18127792039780882,
           0.26010677316814734,
           0.2825413644143777,
           0.2791996087700709,
           0.26167576819626703,
           0.26909283560192354,
           0.29356508272882875,
           0.26837965604368735,
           0.26328551634200015,
           0.2590533219275734,
           0.2695136655948553,
           0.2678090141842576,
           0.28702615914786966,
           0.27022861032149575,
           0.2701215181882743,
           0.2619795601861057,
           0.28239924803195865,
           0.2587822968457087,
           0.2614108729317793,
           0.2603091740520416,
           0.2796275165050126
          ],
          [
           0.12803665079269394,
           0.12191295134077756,
           0.00010270525645502537,
           0.10586857835384016,
           0.13622303378634576,
           0.1772149340017384,
           0.25522256229073803,
           0.2765236324795103,
           0.27149107491321406,
           0.25207978144321425,
           0.263110325986484,
           0.28771850543310806,
           0.2622886839348438,
           0.2547501181110449,
           0.25805531793555747,
           0.26637861736334406,
           0.268910704097893,
           0.28634085213032584,
           0.2688673579693318,
           0.2713248638838475,
           0.2628345329462759,
           0.2794031253671719,
           0.24957377318571164,
           0.2506213668015529,
           0.26061268261098297,
           0.2743257399913728
          ],
          [
           0.13040769988144754,
           0.12594750998451382,
           0.10586857835384016,
           0.00008384689556869156,
           0.13714103254904308,
           0.18075235996846636,
           0.23812518341508407,
           0.2608267303903073,
           0.25535572045445015,
           0.23709805894436758,
           0.2468242988303358,
           0.27147528612753113,
           0.24808200226386617,
           0.24524409809763925,
           0.2573831927980773,
           0.26736334405144696,
           0.2683205130727312,
           0.285812186716792,
           0.26874724746767026,
           0.2699834293379626,
           0.26094563963892314,
           0.28095014295225784,
           0.23533727413742506,
           0.23695132687712236,
           0.26028894014811216,
           0.25938037144174736
          ],
          [
           0.10954120018359975,
           0.1267037857470714,
           0.13622303378634576,
           0.13714103254904308,
           0.00005986948452373825,
           0.19190165439342233,
           0.27549941128340216,
           0.29623420942345685,
           0.29072621684727296,
           0.2777145822107805,
           0.2822447065397434,
           0.30627232632860363,
           0.2847392683948991,
           0.27825340757149414,
           0.27372328324253126,
           0.2742621086032449,
           0.2654482500836104,
           0.28634085213032584,
           0.272565806541739,
           0.2687011757279255,
           0.260190082315982,
           0.28345670309011867,
           0.2753397593246722,
           0.2772156698397493,
           0.27154802530483546,
           0.29471751581552214
          ],
          [
           0.18805634255631243,
           0.18127792039780882,
           0.1772149340017384,
           0.18075235996846636,
           0.19190165439342233,
           0.0001010693133350852,
           0.2730286430433992,
           0.2996300863131936,
           0.29386913545309373,
           0.2775161205554769,
           0.27169452810737604,
           0.3080188393200057,
           0.2652463059165976,
           0.27480746295809666,
           0.2511572436376867,
           0.2853295819935691,
           0.30034821270484546,
           0.30697838345864664,
           0.288345277655443,
           0.29967253215497514,
           0.294170278760886,
           0.3012767790702228,
           0.2691273675486649,
           0.28271108326090033,
           0.2808716217582018,
           0.28099290493420387
          ],
          [
           0.27252998975224546,
           0.26010677316814734,
           0.25522256229073803,
           0.23812518341508407,
           0.27549941128340216,
           0.2730286430433992,
           0.00015523817972145834,
           0.18151778586001951,
           0.17686064046837577,
           0.15558015943312667,
           0.16036103965226647,
           0.19653153552736627,
           0.24681602286578957,
           0.24659846227574855,
           0.24251497005988024,
           0.2726487138263666,
           0.2734355019574669,
           0.2871436403508772,
           0.27263082035472636,
           0.27528998658565457,
           0.2719409869964608,
           0.28798026083891437,
           0.23420382165605094,
           0.19923711523108312,
           0.27074986847962446,
           0.24149388336317937
          ],
          [
           0.2934675588241204,
           0.2825413644143777,
           0.2765236324795103,
           0.2608267303903073,
           0.29623420942345685,
           0.2996300863131936,
           0.18151778586001951,
           0.0001486031305726174,
           0.16874287120076936,
           0.18941541186891053,
           0.17182589033352177,
           0.18305806656245044,
           0.27350678828128283,
           0.2724772362636218,
           0.28302578516436516,
           0.29718649517684886,
           0.29098384843894476,
           0.31518248746867167,
           0.3018777275093086,
           0.2982324627160104,
           0.2868334194933789,
           0.31721693494693143,
           0.261656050955414,
           0.2276345042240996,
           0.2959208449678281,
           0.2690457183542255
          ],
          [
           0.28954929973677335,
           0.2791996087700709,
           0.27149107491321406,
           0.25535572045445015,
           0.29072621684727296,
           0.29386913545309373,
           0.17686064046837577,
           0.16874287120076936,
           0.00011182430165723616,
           0.1732728077945084,
           0.1643593585758057,
           0.1904144208619417,
           0.26491110083645075,
           0.27066447190215237,
           0.2781987046315532,
           0.293790192926045,
           0.2893313135684917,
           0.3060189536340852,
           0.29236897946110424,
           0.296654304426734,
           0.2859187974708713,
           0.3072494418987193,
           0.25687898089171973,
           0.2216096042685638,
           0.2918335963740844,
           0.26296144469136334
          ],
          [
           0.27009865975445574,
           0.26167576819626703,
           0.25207978144321425,
           0.23709805894436758,
           0.2777145822107805,
           0.2775161205554769,
           0.15558015943312667,
           0.18941541186891053,
           0.1732728077945084,
           0.00011071744906997343,
           0.1650354295837024,
           0.19233835252435783,
           0.24011180698583498,
           0.24093096909966036,
           0.26408407674447026,
           0.2735329581993569,
           0.27205838956542266,
           0.2897673872180451,
           0.27399207270689035,
           0.27690759883216287,
           0.26663220264842724,
           0.2845141581482787,
           0.22583864118895966,
           0.20239149689991143,
           0.27259115373720205,
           0.23297158514746813
          ],
          [
           0.2796230433821609,
           0.26909283560192354,
           0.263110325986484,
           0.2468242988303358,
           0.2822447065397434,
           0.27169452810737604,
           0.16036103965226647,
           0.17182589033352177,
           0.1643593585758057,
           0.1650354295837024,
           0.00013566986998304127,
           0.18195590729225553,
           0.25280568282123494,
           0.25745421207259395,
           0.24119108721332844,
           0.28116961414791,
           0.27439948063189784,
           0.2961896929824561,
           0.2819594026504384,
           0.2850745679791683,
           0.28031176681115044,
           0.2974386088591235,
           0.24422505307855627,
           0.20820364606491773,
           0.2787827283396058,
           0.2507497464885974
          ],
          [
           0.3040569051781301,
           0.29356508272882875,
           0.28771850543310806,
           0.27147528612753113,
           0.30627232632860363,
           0.3080188393200057,
           0.19653153552736627,
           0.18305806656245044,
           0.1904144208619417,
           0.19233835252435783,
           0.18195590729225553,
           0.00011327850653616983,
           0.2632718254802236,
           0.27941574812993564,
           0.292679946229989,
           0.302451768488746,
           0.30046625090987783,
           0.3141643170426065,
           0.3019978380109701,
           0.30389410557878954,
           0.304032290134012,
           0.3156111698586143,
           0.26611464968152865,
           0.2313917296576256,
           0.2992594391161831,
           0.27133271483742905
          ],
          [
           0.27805573974722203,
           0.26837965604368735,
           0.2622886839348438,
           0.24808200226386617,
           0.2847392683948991,
           0.2652463059165976,
           0.24681602286578957,
           0.27350678828128283,
           0.26491110083645075,
           0.24011180698583498,
           0.25280568282123494,
           0.2632718254802236,
           0.00010508175360430414,
           0.20953055653949534,
           0.22939834616481322,
           0.2407355305466238,
           0.27973087289252624,
           0.28152412280701755,
           0.2659246506786243,
           0.27343565059575475,
           0.27273631049429353,
           0.28443582814397056,
           0.22254213778319532,
           0.2296456643268463,
           0.25824531585124033,
           0.227270816695389
          ],
          [
           0.2725500833885908,
           0.26328551634200015,
           0.2547501181110449,
           0.24524409809763925,
           0.27825340757149414,
           0.27480746295809666,
           0.24659846227574855,
           0.2724772362636218,
           0.27066447190215237,
           0.24093096909966036,
           0.25745421207259395,
           0.27941574812993564,
           0.20953055653949534,
           0.00010418185985456213,
           0.22768748217850016,
           0.23565112540192926,
           0.2766028604591686,
           0.26229636591478694,
           0.2568362893862353,
           0.2736723743391462,
           0.2685409790432258,
           0.2794227078682489,
           0.22378263496759945,
           0.22865834600879295,
           0.2521751446724131,
           0.24172275123455503
          ],
          [
           0.26937528884602246,
           0.2590533219275734,
           0.25805531793555747,
           0.2573831927980773,
           0.27372328324253126,
           0.2511572436376867,
           0.24251497005988024,
           0.28302578516436516,
           0.2781987046315532,
           0.26408407674447026,
           0.24119108721332844,
           0.292679946229989,
           0.22939834616481322,
           0.22768748217850016,
           0.00008146971363395658,
           0.23185289389067523,
           0.27093702661761526,
           0.27286967418546365,
           0.25663610521679947,
           0.2714826797127752,
           0.2652801527021116,
           0.27572161516468885,
           0.24937879343354108,
           0.23363477127377896,
           0.2457205293189268,
           0.26740396757505397
          ],
          [
           0.26991781702734746,
           0.2695136655948553,
           0.26637861736334406,
           0.26736334405144696,
           0.2742621086032449,
           0.2853295819935691,
           0.2726487138263666,
           0.29718649517684886,
           0.293790192926045,
           0.2735329581993569,
           0.28116961414791,
           0.302451768488746,
           0.2407355305466238,
           0.23565112540192926,
           0.23185289389067523,
           0.00012057877813504823,
           0.27184198618953004,
           0.26717183583959897,
           0.259718941426112,
           0.26960861674425946,
           0.26524038652721993,
           0.2714917949320487,
           0.2592242765273312,
           0.25413987138263666,
           0.2539790996784566,
           0.2756430868167203
          ],
          [
           0.2678090141842576,
           0.2678090141842576,
           0.268910704097893,
           0.2683205130727312,
           0.2654482500836104,
           0.30034821270484546,
           0.2734355019574669,
           0.29098384843894476,
           0.2893313135684917,
           0.27205838956542266,
           0.27439948063189784,
           0.30046625090987783,
           0.27973087289252624,
           0.2766028604591686,
           0.27093702661761526,
           0.27184198618953004,
           0,
           0.2275219298245614,
           0.2199838681119789,
           0.1409376168086404,
           0.13932442800653144,
           0.22224180472329927,
           0.2625169679919734,
           0.27579626605811414,
           0.25222797111998585,
           0.285534417973284
          ],
          [
           0.2865953947368421,
           0.28702615914786966,
           0.28634085213032584,
           0.285812186716792,
           0.28634085213032584,
           0.30697838345864664,
           0.2871436403508772,
           0.31518248746867167,
           0.3060189536340852,
           0.2897673872180451,
           0.2961896929824561,
           0.3141643170426065,
           0.28152412280701755,
           0.26229636591478694,
           0.27286967418546365,
           0.26717183583959897,
           0.2275219298245614,
           0,
           0.21982691102756893,
           0.22431077694235588,
           0.22771773182957394,
           0.22515272556390978,
           0.26343201754385964,
           0.27429902882205515,
           0.25015664160401,
           0.2857142857142857
          ],
          [
           0.2699883893181727,
           0.27022861032149575,
           0.2688673579693318,
           0.26874724746767026,
           0.272565806541739,
           0.288345277655443,
           0.27263082035472636,
           0.3018777275093086,
           0.29236897946110424,
           0.27399207270689035,
           0.2819594026504384,
           0.3019978380109701,
           0.2659246506786243,
           0.2568362893862353,
           0.25663610521679947,
           0.259718941426112,
           0.2199838681119789,
           0.21982691102756893,
           0,
           0.21790420579184092,
           0.213723306955104,
           0.203344691183958,
           0.2489890699443488,
           0.2550346318613124,
           0.23895984305561116,
           0.27393201745605955
          ],
          [
           0.269805886530419,
           0.2701215181882743,
           0.2713248638838475,
           0.2699834293379626,
           0.2687011757279255,
           0.29967253215497514,
           0.27528998658565457,
           0.2982324627160104,
           0.296654304426734,
           0.27690759883216287,
           0.2850745679791683,
           0.30389410557878954,
           0.27343565059575475,
           0.2736723743391462,
           0.2714826797127752,
           0.26960861674425946,
           0.1409376168086404,
           0.22431077694235588,
           0.21790420579184092,
           0,
           0.15148346879191982,
           0.22371049230407708,
           0.2589757752702596,
           0.27225203187879743,
           0.2509666219521818,
           0.2828651463741813
          ],
          [
           0.2611444705133813,
           0.2619795601861057,
           0.2628345329462759,
           0.26094563963892314,
           0.260190082315982,
           0.294170278760886,
           0.2719409869964608,
           0.2868334194933789,
           0.2859187974708713,
           0.26663220264842724,
           0.28031176681115044,
           0.304032290134012,
           0.27273631049429353,
           0.2685409790432258,
           0.2652801527021116,
           0.26524038652721993,
           0.13932442800653144,
           0.22771773182957394,
           0.213723306955104,
           0.15148346879191982,
           0,
           0.2242392198331571,
           0.25249532747445025,
           0.26665208573587307,
           0.24430349544677296,
           0.2781445102795562
          ],
          [
           0.2843183331375083,
           0.28239924803195865,
           0.2794031253671719,
           0.28095014295225784,
           0.28345670309011867,
           0.3012767790702228,
           0.28798026083891437,
           0.31721693494693143,
           0.3072494418987193,
           0.2845141581482787,
           0.2974386088591235,
           0.3156111698586143,
           0.28443582814397056,
           0.2794227078682489,
           0.27572161516468885,
           0.2714917949320487,
           0.22224180472329927,
           0.22515272556390978,
           0.203344691183958,
           0.22371049230407708,
           0.2242392198331571,
           0,
           0.2618767869032233,
           0.27534954764422515,
           0.2550620765284142,
           0.2894881134218462
          ],
          [
           0.2691140715735327,
           0.2587822968457087,
           0.24957377318571164,
           0.23533727413742506,
           0.2753397593246722,
           0.2691273675486649,
           0.23420382165605094,
           0.261656050955414,
           0.25687898089171973,
           0.22583864118895966,
           0.24422505307855627,
           0.26611464968152865,
           0.22254213778319532,
           0.22378263496759945,
           0.24937879343354108,
           0.2592242765273312,
           0.2625169679919734,
           0.26343201754385964,
           0.2489890699443488,
           0.2589757752702596,
           0.25249532747445025,
           0.2618767869032233,
           0.00012738853503184712,
           0.19717622080679406,
           0.22514264902270245,
           0.20036093418259024
          ],
          [
           0.27182671248015755,
           0.2614108729317793,
           0.2506213668015529,
           0.23695132687712236,
           0.2772156698397493,
           0.28271108326090033,
           0.19923711523108312,
           0.2276345042240996,
           0.2216096042685638,
           0.20239149689991143,
           0.20820364606491773,
           0.2313917296576256,
           0.2296456643268463,
           0.22865834600879295,
           0.23363477127377896,
           0.25413987138263666,
           0.27579626605811414,
           0.27429902882205515,
           0.2550346318613124,
           0.27225203187879743,
           0.26665208573587307,
           0.27534954764422515,
           0.19717622080679406,
           0.00013339261894175188,
           0.2386993646554166,
           0.21428725538846577
          ],
          [
           0.26758695521128456,
           0.2603091740520416,
           0.26061268261098297,
           0.26028894014811216,
           0.27154802530483546,
           0.2808716217582018,
           0.27074986847962446,
           0.2959208449678281,
           0.2918335963740844,
           0.27259115373720205,
           0.2787827283396058,
           0.2992594391161831,
           0.25824531585124033,
           0.2521751446724131,
           0.2457205293189268,
           0.2539790996784566,
           0.25222797111998585,
           0.25015664160401,
           0.23895984305561116,
           0.2509666219521818,
           0.24430349544677296,
           0.2550620765284142,
           0.22514264902270245,
           0.2386993646554166,
           0,
           0.24207842661163045
          ],
          [
           0.2909759479172946,
           0.2796275165050126,
           0.2743257399913728,
           0.25938037144174736,
           0.29471751581552214,
           0.28099290493420387,
           0.24149388336317937,
           0.2690457183542255,
           0.26296144469136334,
           0.23297158514746813,
           0.2507497464885974,
           0.27133271483742905,
           0.227270816695389,
           0.24172275123455503,
           0.26740396757505397,
           0.2756430868167203,
           0.285534417973284,
           0.2857142857142857,
           0.27393201745605955,
           0.2828651463741813,
           0.2781445102795562,
           0.2894881134218462,
           0.20036093418259024,
           0.21428725538846577,
           0.24207842661163045,
           0.0001294526311247276
          ]
         ]
        }
       ],
       "frames": null,
       "layout": {
        "height": 800,
        "title": {
         "text": "Normalized Compression Distance for euronews.com"
        },
        "width": 800,
        "xaxis": {
         "automargin": true,
         "side": "bottom",
         "tickangle": -90,
         "ticktext": [
          "/2025/08/16/zelenskyy-… 📄",
          "/my-europe/2025/08/16/european-l… 📄",
          "/2025/08/16/death-toll… 📄",
          "/2025/08/16/uk-trade-e… 📄",
          "/2025/08/16/protesters… 📄",
          "/culture/2025/08/16/two-years-… 📄",
          "/profiles/3374 👤",
          "/profiles/3468 👤",
          "/profiles/3467 👤",
          "/profiles/2972 👤",
          "/profiles/2538 👤",
          "/profiles/1644 👤",
          "/business 📂",
          "/travel 📂",
          "/culture 📂",
          "/green 📂",
          "/tag/donald-tru… 🏷️",
          "/tag/tourism 🏷️",
          "/tag/japan 🏷️",
          "/tag/vladimir-p… 🏷️",
          "/tag/russia-ukr… 🏷️",
          "/tag/sel-felake… 🏷️",
          "/special/inclassica ✨",
          "/special/kazakhstan ✨",
          "/special/azerbaijan… ✨",
          "/special/discover-a… ✨"
         ],
         "title": {
          "text": "Page A"
         }
        },
        "yaxis": {
         "automargin": true,
         "scaleanchor": "x",
         "ticktext": [
          "/2025/08/16/zelenskyy-… 📄",
          "/my-europe/2025/08/16/european-l… 📄",
          "/2025/08/16/death-toll… 📄",
          "/2025/08/16/uk-trade-e… 📄",
          "/2025/08/16/protesters… 📄",
          "/culture/2025/08/16/two-years-… 📄",
          "/profiles/3374 👤",
          "/profiles/3468 👤",
          "/profiles/3467 👤",
          "/profiles/2972 👤",
          "/profiles/2538 👤",
          "/profiles/1644 👤",
          "/business 📂",
          "/travel 📂",
          "/culture 📂",
          "/green 📂",
          "/tag/donald-tru… 🏷️",
          "/tag/tourism 🏷️",
          "/tag/japan 🏷️",
          "/tag/vladimir-p… 🏷️",
          "/tag/russia-ukr… 🏷️",
          "/tag/sel-felake… 🏷️",
          "/special/inclassica ✨",
          "/special/kazakhstan ✨",
          "/special/azerbaijan… ✨",
          "/special/discover-a… ✨"
         ],
         "title": {
          "text": "Page B"
         }
        }
       }
      }
     },
     "execution_count": 23,
     "metadata": {},
     "output_type": "execute_result"
    }
   ],
   "source": [
    "benchmark::benchmarks::distance_matrix::heatmap(&compressor, \"euronews.com\")"
   ]
  },
  {
   "cell_type": "code",
   "execution_count": 24,
   "id": "8436ee62",
   "metadata": {},
   "outputs": [
    {
     "data": {
      "application/vnd.plotly.v1+json": {
       "config": {},
       "data": [
        {
         "type": "heatmap",
         "x": [
          "/s?k=gaming 🔍",
          "/s?k=cleani… 🔍",
          "/s?k=cooker 🔍",
          "/s?k=Jeans 🔍",
          "/s?k=home+i… 🔍",
          "/s?k=Knits+… 🔍",
          "/s?k=headph… 🔍",
          "/s?k=kitche… 🔍",
          "/s?k=laptop… 🔍",
          "/ZELUS-Weig…/dp/B07518RBH2/ 🛍️",
          "/Stanley-Ic…/dp/B0CSF47VXR/ 🛍️",
          "/Amazon-Bas…/dp/B01LR5RO5U/ 🛍️",
          "/Roadbox-Pr…/dp/B07PLJR3H7/ 🛍️",
          "/Rainleaf-M…/dp/B01K1TX77W/ 🛍️",
          "/Resistance…/dp/B08DLXZKF7/ 🛍️",
          "/Owala-Insu…/dp/B0CRC73JTS/ 🛍️",
          "/AmazonBasi…/dp/B01LP0U5X0/ 🛍️",
          "/Franklin-S…/dp/B06XTW1BND/ 🛍️",
          "/Speedo-Uni…/dp/B0BR7JQH6W/ 🛍️",
          "/stores/BAGAIL/page/81E55272-2… 🏬",
          "/stores/EHEYCIGA/page/1F9B6892-A… 🏬",
          "/stores/Molasus/page/F1796EB9-8… 🏬",
          "/stores/Everlastin…/page/73874DA8-1… 🏬",
          "/stores/WOLFBOX/page/CFE0BA86-D… 🏬",
          "/stores/page/869CF3D1-8… 🏬",
          "/stores/CRAFTSMAN/page/1856ED19-1… 🏬",
          "/stores/LOAAO/page/447459EE-A… 🏬",
          "/stores/CGKUnlimit…/page/CA071EDA-0… 🏬",
          "/stores/Falechay/page/22B2C144-D… 🏬"
         ],
         "y": [
          "/s?k=gaming 🔍",
          "/s?k=cleani… 🔍",
          "/s?k=cooker 🔍",
          "/s?k=Jeans 🔍",
          "/s?k=home+i… 🔍",
          "/s?k=Knits+… 🔍",
          "/s?k=headph… 🔍",
          "/s?k=kitche… 🔍",
          "/s?k=laptop… 🔍",
          "/ZELUS-Weig…/dp/B07518RBH2/ 🛍️",
          "/Stanley-Ic…/dp/B0CSF47VXR/ 🛍️",
          "/Amazon-Bas…/dp/B01LR5RO5U/ 🛍️",
          "/Roadbox-Pr…/dp/B07PLJR3H7/ 🛍️",
          "/Rainleaf-M…/dp/B01K1TX77W/ 🛍️",
          "/Resistance…/dp/B08DLXZKF7/ 🛍️",
          "/Owala-Insu…/dp/B0CRC73JTS/ 🛍️",
          "/AmazonBasi…/dp/B01LP0U5X0/ 🛍️",
          "/Franklin-S…/dp/B06XTW1BND/ 🛍️",
          "/Speedo-Uni…/dp/B0BR7JQH6W/ 🛍️",
          "/stores/BAGAIL/page/81E55272-2… 🏬",
          "/stores/EHEYCIGA/page/1F9B6892-A… 🏬",
          "/stores/Molasus/page/F1796EB9-8… 🏬",
          "/stores/Everlastin…/page/73874DA8-1… 🏬",
          "/stores/WOLFBOX/page/CFE0BA86-D… 🏬",
          "/stores/page/869CF3D1-8… 🏬",
          "/stores/CRAFTSMAN/page/1856ED19-1… 🏬",
          "/stores/LOAAO/page/447459EE-A… 🏬",
          "/stores/CGKUnlimit…/page/CA071EDA-0… 🏬",
          "/stores/Falechay/page/22B2C144-D… 🏬"
         ],
         "z": [
          [
           0.00006019047971812335,
           0.4664160273357379,
           0.4358577837865368,
           0.45015070770114035,
           0.4369551025321672,
           0.4495812131622689,
           0.4616748695487103,
           0.42920905079613486,
           0.4338714979558387,
           0.8416171690328599,
           0.8619155785059056,
           0.8160293128638019,
           0.8054418582551028,
           0.8444625312481833,
           0.8498229168994257,
           0.8526073267478287,
           0.8430940043149149,
           0.83503356717206,
           0.8076098967738458,
           0.639269194975484,
           0.6440890633898352,
           0.6419638764520953,
           0.6398988799940736,
           0.6429685944596979,
           0.6424268801422347,
           0.6438621915816669,
           0.6398988799940736,
           0.6446817081132137,
           0.641959246415194
          ],
          [
           0.4664160273357379,
           0.0000759952665805387,
           0.3865390669952557,
           0.41586660715953794,
           0.3911013897409907,
           0.3916433170063953,
           0.3739781350761581,
           0.44051407945040655,
           0.4203348114397299,
           0.8564995695649295,
           0.8743002899822719,
           0.8285654652853929,
           0.8232804556037496,
           0.8583250973780594,
           0.8552192031819096,
           0.865399181342419,
           0.8535771440266285,
           0.8435845213849287,
           0.8262370967307225,
           0.5747901987819044,
           0.5790459337104146,
           0.5775640260120941,
           0.5786279597442217,
           0.5794747641432619,
           0.5777920118118357,
           0.5794747641432619,
           0.5763698146801142,
           0.5805495543420438,
           0.5779765717449599
          ],
          [
           0.4358577837865368,
           0.3865390669952557,
           0.00005641144249699609,
           0.3793216187322906,
           0.35156445890794635,
           0.3632280281479263,
           0.3616670668092629,
           0.4026179432940674,
           0.37400838045645013,
           0.8390748669106278,
           0.860327283516889,
           0.8156880803850958,
           0.8015795439889765,
           0.8444683448636707,
           0.8440886644470762,
           0.847825226371225,
           0.8409280193744795,
           0.8317326695330769,
           0.8118144085383932,
           0.5567188848586048,
           0.5608425613051351,
