{
 "cells": [
  {
   "cell_type": "code",
   "execution_count": 21,
   "id": "49400c1d",
   "metadata": {
    "vscode": {
     "languageId": "rust"
    }
   },
   "outputs": [
    {
     "data": {
      "text/plain": [
       "Optimization: 3\n"
      ]
     },
     "execution_count": 21,
     "metadata": {},
     "output_type": "execute_result"
    }
   ],
   "source": [
    ":opt 3\n",
    ":dep kolmox = { path = \"../src/lib\" }\n",
    ":dep plotly = \"0.13\"\n",
    ":dep .\n",
    "\n",
    "use benchmark::{BenchmarkResult, benchmarks};\n",
    "use kolmox::compress::{\n",
    "    //brotli::CompressBrotli,\n",
    "    zstd::CompressZstd,\n",
    "    Compressor,\n",
    "    cache::{Cache, InMemoryCache}\n",
    "};\n",
    "use std::time::{Duration, Instant};\n",
    "\n",
    "fn read_from_file(file_path: &str) -> String {\n",
    "    std::fs::read_to_string(file_path).expect(\"Failed to read file\")\n",
    "}"
   ]
  },
  {
   "cell_type": "code",
   "execution_count": 22,
   "id": "1a807901",
   "metadata": {
    "vscode": {
     "languageId": "rust"
    }
   },
   "outputs": [],
   "source": [
    "let compressor = CompressZstd::<InMemoryCache>::recommended();"
   ]
  },
  {
   "cell_type": "code",
   "execution_count": 23,
   "id": "a59c92cd",
   "metadata": {
    "vscode": {
     "languageId": "rust"
    }
   },
   "outputs": [
    {
     "data": {
      "application/vnd.plotly.v1+json": {
       "config": {},
       "data": [
        {
         "reversescale": true,
         "type": "heatmap",
         "x": [
          "/2025/08/16/zelenskyy-… 📄",
          "/my-europe/2025/08/16/european-l… 📄",
          "/2025/08/16/death-toll… 📄",
          "/2025/08/16/uk-trade-e… 📄",
          "/2025/08/16/protesters… 📄",
          "/culture/2025/08/16/two-years-… 📄",
          "/profiles/3374 👤",
          "/profiles/3468 👤",
          "/profiles/3467 👤",
          "/profiles/2972 👤",
          "/profiles/2538 👤",
          "/profiles/1644 👤",
          "/business 📂",
          "/travel 📂",
          "/culture 📂",
          "/green 📂",
          "/tag/donald-tru… 🏷️",
          "/tag/tourism 🏷️",
          "/tag/japan 🏷️",
          "/tag/vladimir-p… 🏷️",
          "/tag/russia-ukr… 🏷️",
          "/tag/sel-felake… 🏷️",
          "/special/inclassica ✨",
          "/special/kazakhstan ✨",
          "/special/azerbaijan… ✨",
          "/special/discover-a… ✨"
         ],
         "y": [
          "/2025/08/16/zelenskyy-… 📄",
          "/my-europe/2025/08/16/european-l… 📄",
          "/2025/08/16/death-toll… 📄",
          "/2025/08/16/uk-trade-e… 📄",
          "/2025/08/16/protesters… 📄",
          "/culture/2025/08/16/two-years-… 📄",
          "/profiles/3374 👤",
          "/profiles/3468 👤",
          "/profiles/3467 👤",
          "/profiles/2972 👤",
          "/profiles/2538 👤",
          "/profiles/1644 👤",
          "/business 📂",
          "/travel 📂",
          "/culture 📂",
          "/green 📂",
          "/tag/donald-tru… 🏷️",
          "/tag/tourism 🏷️",
          "/tag/japan 🏷️",
          "/tag/vladimir-p… 🏷️",
          "/tag/russia-ukr… 🏷️",
          "/tag/sel-felake… 🏷️",
          "/special/inclassica ✨",
          "/special/kazakhstan ✨",
          "/special/azerbaijan… ✨",
          "/special/discover-a… ✨"
         ],
         "z": [
          [
           0.0033112582781456954,
           0.03791390728476821,
           0.061258278145695365,
           0.06423841059602649,
           0.03327814569536424,
           0.12102649006622516,
           0.32748344370860927,
           0.34288079470198674,
           0.3435430463576159,
           0.32831125827814567,
           0.34172185430463575,
           0.343046357615894,
           0.32864238410596025,
           0.3299668874172185,
           0.31903973509933775,
           0.31804635761589406,
           0.32665562913907287,
           0.32814569536423843,
           0.327317880794702,
           0.3264900662251656,
           0.32798013245033114,
           0.3291390728476821,
           0.33692052980132453,
           0.33675496688741724,
           0.32864238410596025,
           0.35596026490066224
          ],
          [
           0.03791390728476821,
           0.0033630401883302506,
           0.05986211535227846,
           0.06154363544644358,
           0.04908485856905158,
           0.11030771817723221,
           0.3141079535900454,
           0.32856902639986546,
           0.32974609046578107,
           0.3181436018160417,
           0.3278964183621994,
           0.32957793845636457,
           0.3179754498066252,
           0.31881620985370773,
           0.3057003531192198,
           0.3073818732133849,
           0.3127627375147133,
           0.31478056162771145,
           0.3139398015806289,
           0.31209012947704723,
           0.3142761055994619,
           0.31360349756179584,
           0.3277282663527829,
           0.32520598621153524,
           0.3157894736842105,
           0.34723389944509836
          ],
          [
           0.061258278145695365,
           0.05986211535227846,
           0.003391555027980329,
           0.045955570629133455,
           0.05873544093178037,
           0.10185185185185185,
           0.30897066304900794,
           0.32338477191792436,
           0.32457181617771746,
           0.30659657452942174,
           0.3227064609123283,
           0.3249109716805155,
           0.30625741902662373,
           0.3082923520434119,
           0.30049177547905714,
           0.2965914871968798,
           0.30778361878921484,
           0.309140240800407,
           0.30897066304900794,
           0.30761404103781587,
           0.30947939630320503,
           0.309309818551806,
           0.3182974393759539,
           0.31592335085636764,
           0.31202306257419027,
           0.3386467695438358
          ],
          [
           0.06423841059602649,
           0.06154363544644358,
           0.045955570629133455,
           0.0035696073431922487,
           0.06206322795341098,
           0.10134680134680135,
           0.30579636240013597,
           0.32075471698113206,
           0.3212646608873024,
           0.30936596974332825,
           0.32041475437701855,
           0.3214346421893592,
           0.30987591364949857,
           0.3114057453680095,
           0.29746727859935407,
           0.30001699813020566,
           0.30443651198368177,
           0.3068162502124766,
           0.3063063063063063,
           0.30443651198368177,
           0.3069862315145334,
           0.3063063063063063,
           0.3214346421893592,
           0.3178650348461669,
           0.3102158762536121,
           0.34013258541560426
          ],
          [
           0.03327814569536424,
           0.04908485856905158,
           0.05873544093178037,
           0.06206322795341098,
           0.0034941763727121466,
           0.11713810316139767,
           0.3184692179700499,
           0.3362728785357737,
           0.33311148086522463,
           0.32828618968386025,
           0.3317803660565724,
           0.3372712146422629,
           0.3234608985024958,
           0.3276206322795341,
           0.31381031613976706,
           0.31630615640599,
           0.3214642262895175,
           0.3217970049916805,
           0.321630615640599,
           0.32029950083194675,
           0.3211314475873544,
           0.3224625623960067,
           0.33427620632279537,
           0.33327787021630617,
           0.3242928452579035,
           0.35224625623960065
          ],
          [
           0.12102649006622516,
           0.11030771817723221,
           0.10185185185185185,
           0.10134680134680135,
           0.11713810316139767,
           0.003703703703703704,
           0.32407407407407407,
           0.3287878787878788,
           0.32811447811447814,
           0.30976430976430974,
           0.31767676767676767,
           0.32845117845117844,
           0.3052188552188552,
           0.3132996632996633,
           0.3146464646464647,
           0.31582491582491584,
           0.33215488215488215,
           0.32811447811447814,
           0.3282828282828283,
           0.3324915824915825,
           0.3335016835016835,
           0.331986531986532,
           0.3183501683501683,
           0.33585858585858586,
           0.332996632996633,
           0.33855218855218855
          ],
          [
           0.32748344370860927,
           0.3141079535900454,
           0.30897066304900794,
           0.30579636240013597,
           0.3184692179700499,
           0.32407407407407407,
           0.0031439949696080486,
           0.09767344372249004,
           0.0681198910081744,
           0.08302507192766133,
           0.05659190945294487,
           0.05973590442255292,
           0.2530454042081949,
           0.240758115969225,
           0.25674198250728864,
           0.2580703994163779,
           0.15378405650857718,
           0.1681592039800995,
           0.16000803051596066,
           0.15916398713826366,
           0.15963007639726579,
           0.1561428283235828,
           0.21889975081464444,
           0.18738702550712993,
           0.2193622742988859,
           0.2246652008794723
          ],
          [
           0.34288079470198674,
           0.32856902639986546,
           0.32338477191792436,
           0.32075471698113206,
           0.3362728785357737,
           0.3287878787878788,
           0.09767344372249004,
           0.0035642682111828917,
           0.09123322147651007,
           0.12083847102342787,
           0.09570887673538073,
           0.09431578947368421,
           0.26854928017718716,
           0.2563332707825108,
           0.27405247813411077,
           0.2741200072952763,
           0.18244197780020183,
           0.1972139303482587,
           0.1891186508733186,
           0.18810289389067525,
           0.1875753920386007,
           0.18620133145047407,
           0.23423423423423423,
           0.2014460735087367,
           0.23511333077218594,
           0.23645812512492503
          ],
          [
           0.3435430463576159,
           0.32974609046578107,
           0.32457181617771746,
           0.3212646608873024,
           0.33311148086522463,
           0.32811447811447814,
           0.0681198910081744,
           0.09123322147651007,
           0.003145973154362416,
           0.09864364981504316,
           0.06417785234899329,
           0.06417785234899329,
           0.26707272056109266,
           0.2540814411709514,
           0.27441690962099125,
           0.2746671530184206,
           0.1681130171543895,
           0.17870646766169154,
           0.17145151575988757,
           0.17041800643086816,
           0.1716928025733816,
           0.17046600766592698,
           0.2304006133793368,
           0.20245029122313718,
           0.23684210526315788,
           0.23465920447731362
          ],
          [
           0.32831125827814567,
           0.3181436018160417,
           0.30659657452942174,
           0.30936596974332825,
           0.32828618968386025,
           0.30976430976430974,
           0.08302507192766133,
           0.12083847102342787,
           0.09864364981504316,
           0.0032881216605014385,
           0.09288943690916564,
           0.09843814221126182,
           0.23440383905500184,
           0.22011634452993056,
           0.26567055393586003,
           0.2597118365858107,
           0.16044399596367306,
           0.17134328358208956,
           0.16422405139530216,
           0.16137459807073956,
           0.16264575794129474,
           0.16300181561428284,
           0.19570634464251485,
           0.18598112070696926,
           0.22839031886285055,
           0.2004797121726964
          ],
          [
           0.34172185430463575,
           0.3278964183621994,
           0.3227064609123283,
           0.32041475437701855,
           0.3317803660565724,
           0.31767676767676767,
           0.05659190945294487,
           0.09570887673538073,
           0.06417785234899329,
           0.09288943690916564,
           0.003155237694572991,
           0.05427008834665545,
           0.2652270210409745,
           0.25239256896228185,
           0.27113702623906705,
           0.2722961882181288,
           0.16730575176589305,
           0.18208955223880596,
           0.1744629592451315,
           0.17262861736334406,
           0.17289907519099315,
           0.1714746822675005,
           0.23059229442208165,
           0.19803173327977505,
           0.2353054168267384,
           0.23485908454927043
          ],
          [
           0.343046357615894,
           0.32957793845636457,
           0.3249109716805155,
           0.3214346421893592,
           0.3372712146422629,
           0.32845117845117844,
           0.05973590442255292,
           0.09431578947368421,
           0.06417785234899329,
           0.09843814221126182,
           0.05427008834665545,
           0.0027368421052631577,
           0.2661498708010336,
           0.25464439857384125,
           0.27496355685131196,
           0.27430238920299105,
           0.16932391523713422,
           0.18328358208955223,
           0.17626982533627786,
           0.17343247588424437,
           0.17470848411741052,
           0.1714746822675005,
           0.23250910484953038,
           0.2014460735087367,
           0.23761044948136764,
           0.23645812512492503
          ],
          [
           0.32864238410596025,
           0.3179754498066252,
           0.30625741902662373,
           0.30987591364949857,
           0.3234608985024958,
           0.3052188552188552,
           0.2530454042081949,
           0.26854928017718716,
           0.26707272056109266,
           0.23440383905500184,
           0.2652270210409745,
           0.2661498708010336,
           0.0036913990402362494,
           0.13252122554448137,
           0.15415451895043733,
           0.13897501367864307,
           0.2277593207825766,
           0.2248062015503876,
           0.22517534145441123,
           0.2264673311184939,
           0.23052787006275377,
           0.22997416020671835,
           0.20616463639719454,
           0.2222222222222222,
           0.22905131044665927,
           0.22997416020671835
          ],
          [
           0.3299668874172185,
           0.31881620985370773,
           0.3082923520434119,
           0.3114057453680095,
           0.3276206322795341,
           0.3132996632996633,
           0.240758115969225,
           0.2563332707825108,
           0.2540814411709514,
           0.22011634452993056,
           0.25239256896228185,
           0.25464439857384125,
           0.13252122554448137,
           0.0031900919497091385,
           0.16891399416909622,
           0.15484223964982674,
           0.22218052167386002,
           0.22180521673860012,
           0.2225558266091199,
           0.2225558266091199,
           0.22424469881778947,
           0.22499530868830925,
           0.2019140551698255,
           0.20904484893976355,
           0.22668418089697878,
           0.22462000375304936
          ],
          [
           0.31903973509933775,
           0.3057003531192198,
           0.30049177547905714,
           0.29746727859935407,
           0.31381031613976706,
           0.3146464646464647,
           0.25674198250728864,
           0.27405247813411077,
           0.27441690962099125,
           0.26567055393586003,
           0.27113702623906705,
           0.27496355685131196,
           0.15415451895043733,
           0.16891399416909622,
           0.0032798833819241984,
           0.14613702623906705,
           0.23050291545189505,
           0.22631195335276968,
           0.22685860058309038,
           0.23013848396501457,
           0.23469387755102042,
           0.2325072886297376,
           0.239067055393586,
           0.22212099125364432,
           0.2303206997084548,
           0.26129737609329445
          ],
          [
           0.31804635761589406,
           0.3073818732133849,
           0.2965914871968798,
           0.30001699813020566,
           0.31630615640599,
           0.31582491582491584,
           0.2580703994163779,
           0.2741200072952763,
           0.2746671530184206,
           0.2597118365858107,
           0.2722961882181288,
           0.27430238920299105,
           0.13897501367864307,
           0.15484223964982674,
           0.14613702623906705,
           0.0032828743388655843,
           0.2303483494437352,
           0.22505927412000729,
           0.22797738464344336,
           0.2294364399051614,
           0.23399598759803028,
           0.23290169615174175,
           0.23344884187488602,
           0.223053073135145,
           0.22961882181287616,
           0.25697610797008935
          ],
          [
           0.32665562913907287,
           0.3127627375147133,
           0.30778361878921484,
           0.30443651198368177,
           0.3214642262895175,
           0.33215488215488215,
           0.15378405650857718,
           0.18244197780020183,
           0.1681130171543895,
           0.16044399596367306,
           0.16730575176589305,
           0.16932391523713422,
           0.2277593207825766,
           0.22218052167386002,
           0.23050291545189505,
           0.2303483494437352,
           0.003632694248234107,
           0.08059701492537313,
           0.06946396305962659,
           0.05184887459807074,
           0.05568958584640129,
           0.061125680855356065,
           0.18593061146252635,
           0.16629845350471983,
           0.19189396849788706,
           0.19988007195682592
          ],
          [
           0.32814569536423843,
           0.31478056162771145,
           0.309140240800407,
           0.3068162502124766,
           0.3217970049916805,
           0.32811447811447814,
           0.1681592039800995,
           0.1972139303482587,
           0.17870646766169154,
           0.17134328358208956,
           0.18208955223880596,
           0.18328358208955223,
           0.2248062015503876,
           0.22180521673860012,
           0.22631195335276968,
           0.22505927412000729,
           0.08059701492537313,
           0.003980099502487562,
           0.07064676616915423,
           0.07203980099502487,
           0.08059701492537313,
           0.07781094527363185,
           0.1792217749664558,
           0.16796019900497514,
           0.18862850557049557,
           0.19840796019900497
          ],
          [
           0.327317880794702,
           0.3139398015806289,
           0.30897066304900794,
           0.3063063063063063,
           0.321630615640599,
           0.3282828282828283,
           0.16000803051596066,
           0.1891186508733186,
           0.17145151575988757,
           0.16422405139530216,
           0.1744629592451315,
           0.17626982533627786,
           0.22517534145441123,
           0.2225558266091199,
           0.22685860058309038,
           0.22797738464344336,
           0.06946396305962659,
           0.07064676616915423,
           0.0032122063842601888,
           0.06524794218028508,
           0.06524794218028508,
           0.0672555711704477,
           0.18037186122292506,
           0.16061031921300944,
           0.18939684978870533,
           0.1944833100139916
          ],
          [
           0.3264900662251656,
           0.31209012947704723,
           0.30761404103781587,
           0.30443651198368177,
           0.32029950083194675,
           0.3324915824915825,
           0.15916398713826366,
           0.18810289389067525,
           0.17041800643086816,
           0.16137459807073956,
           0.17262861736334406,
           0.17343247588424437,
           0.2264673311184939,
           0.2225558266091199,
           0.23013848396501457,
           0.2294364399051614,
           0.05184887459807074,
           0.07203980099502487,
           0.06524794218028508,
           0.003215434083601286,
           0.058078778135048234,
           0.06109324758842444,
           0.18248035269311866,
           0.16348664390439846,
           0.19189396849788706,
           0.19928043174095542
          ],
          [
           0.32798013245033114,
           0.3142761055994619,
           0.30947939630320503,
           0.3069862315145334,
           0.3211314475873544,
           0.3335016835016835,
           0.15963007639726579,
           0.1875753920386007,
           0.1716928025733816,
           0.16264575794129474,
           0.17289907519099315,
           0.17470848411741052,
           0.23052787006275377,
           0.22424469881778947,
           0.23469387755102042,
           0.23399598759803028,
           0.05568958584640129,
           0.08059701492537313,
           0.06524794218028508,
           0.058078778135048234,
           0.003216726980297547,
           0.07096903900281464,
           0.18439716312056736,
           0.16549507933319943,
           0.19381482904341144,
           0.19868079152508494
          ],
          [
           0.3291390728476821,
           0.31360349756179584,
           0.309309818551806,
           0.3063063063063063,
           0.3224625623960067,
           0.331986531986532,
           0.1561428283235828,
           0.18620133145047407,
           0.17046600766592698,
           0.16300181561428284,
           0.1714746822675005,
           0.1714746822675005,
           0.22997416020671835,
           0.22499530868830925,
           0.2325072886297376,
           0.23290169615174175,
           0.061125680855356065,
           0.07781094527363185,
           0.0672555711704477,
           0.06109324758842444,
           0.07096903900281464,
           0.003832963485979423,
           0.18439716312056736,
           0.16609760996183973,
           0.19285439877064925,
           0.20087947231661005
          ],
          [
           0.33692052980132453,
           0.3277282663527829,
           0.3182974393759539,
           0.3214346421893592,
           0.33427620632279537,
           0.3183501683501683,
           0.21889975081464444,
           0.23423423423423423,
           0.2304006133793368,
           0.19570634464251485,
           0.23059229442208165,
           0.23250910484953038,
           0.20616463639719454,
           0.2019140551698255,
           0.239067055393586,
           0.23344884187488602,
           0.18593061146252635,
           0.1792217749664558,
           0.18037186122292506,
           0.18248035269311866,
           0.18439716312056736,
           0.18439716312056736,
           0.0040253018976423235,
           0.15737013609354034,
           0.15027793751198007,
           0.14893617021276595
          ],
          [
           0.33675496688741724,
           0.32520598621153524,
           0.31592335085636764,
           0.3178650348461669,
           0.33327787021630617,
           0.33585858585858586,
           0.18738702550712993,
           0.2014460735087367,
           0.20245029122313718,
           0.18598112070696926,
           0.19803173327977505,
           0.2014460735087367,
           0.2222222222222222,
           0.20904484893976355,
           0.22212099125364432,
           0.223053073135145,
           0.16629845350471983,
           0.16796019900497514,
           0.16061031921300944,
           0.16348664390439846,
           0.16549507933319943,
           0.16609760996183973,
           0.15737013609354034,
           0.004820245029122314,
           0.16327314636957357,
           0.15850489706176293
          ],
          [
           0.32864238410596025,
           0.3157894736842105,
           0.31202306257419027,
           0.3102158762536121,
           0.3242928452579035,
           0.332996632996633,
           0.2193622742988859,
           0.23511333077218594,
           0.23684210526315788,
           0.22839031886285055,
           0.2353054168267384,
           0.23761044948136764,
           0.22905131044665927,
           0.22668418089697878,
           0.2303206997084548,
           0.22961882181287616,
           0.19189396849788706,
           0.18862850557049557,
           0.18939684978870533,
           0.19189396849788706,
           0.19381482904341144,
           0.19285439877064925,
           0.15027793751198007,
           0.16327314636957357,
           0.0032654629273914716,
           0.1726853630426431
          ],
          [
           0.35596026490066224,
           0.34723389944509836,
           0.3386467695438358,
           0.34013258541560426,
           0.35224625623960065,
           0.33855218855218855,
           0.2246652008794723,
           0.23645812512492503,
           0.23465920447731362,
           0.2004797121726964,
           0.23485908454927043,
           0.23645812512492503,
           0.22997416020671835,
           0.22462000375304936,
           0.26129737609329445,
           0.25697610797008935,
           0.19988007195682592,
           0.19840796019900497,
           0.1944833100139916,
           0.19928043174095542,
           0.19868079152508494,
           0.20087947231661005,
           0.14893617021276595,
           0.15850489706176293,
           0.1726853630426431,
           0.003597841295222866
          ]
         ]
        }
       ],
       "frames": null,
       "layout": {
        "height": 800,
        "title": {
         "text": "Normalized Compression Distance for euronews.com"
        },
        "width": 800,
        "xaxis": {
         "automargin": true,
         "side": "bottom",
         "tickangle": -90,
         "ticktext": [
          "/2025/08/16/zelenskyy-… 📄",
          "/my-europe/2025/08/16/european-l… 📄",
          "/2025/08/16/death-toll… 📄",
          "/2025/08/16/uk-trade-e… 📄",
          "/2025/08/16/protesters… 📄",
          "/culture/2025/08/16/two-years-… 📄",
          "/profiles/3374 👤",
          "/profiles/3468 👤",
          "/profiles/3467 👤",
          "/profiles/2972 👤",
          "/profiles/2538 👤",
          "/profiles/1644 👤",
          "/business 📂",
          "/travel 📂",
          "/culture 📂",
          "/green 📂",
          "/tag/donald-tru… 🏷️",
          "/tag/tourism 🏷️",
          "/tag/japan 🏷️",
          "/tag/vladimir-p… 🏷️",
          "/tag/russia-ukr… 🏷️",
          "/tag/sel-felake… 🏷️",
          "/special/inclassica ✨",
          "/special/kazakhstan ✨",
          "/special/azerbaijan… ✨",
          "/special/discover-a… ✨"
         ],
         "title": {
          "text": "Page A"
         }
        },
        "yaxis": {
         "automargin": true,
         "scaleanchor": "x",
         "ticktext": [
          "/2025/08/16/zelenskyy-… 📄",
          "/my-europe/2025/08/16/european-l… 📄",
          "/2025/08/16/death-toll… 📄",
          "/2025/08/16/uk-trade-e… 📄",
          "/2025/08/16/protesters… 📄",
          "/culture/2025/08/16/two-years-… 📄",
          "/profiles/3374 👤",
          "/profiles/3468 👤",
          "/profiles/3467 👤",
          "/profiles/2972 👤",
          "/profiles/2538 👤",
          "/profiles/1644 👤",
          "/business 📂",
          "/travel 📂",
          "/culture 📂",
          "/green 📂",
          "/tag/donald-tru… 🏷️",
          "/tag/tourism 🏷️",
          "/tag/japan 🏷️",
          "/tag/vladimir-p… 🏷️",
          "/tag/russia-ukr… 🏷️",
          "/tag/sel-felake… 🏷️",
          "/special/inclassica ✨",
          "/special/kazakhstan ✨",
          "/special/azerbaijan… ✨",
          "/special/discover-a… ✨"
         ],
         "title": {
          "text": "Page B"
         }
        }
       }
      }
     },
     "execution_count": 23,
     "metadata": {},
     "output_type": "execute_result"
    }
   ],
   "source": [
    "benchmarks::distance_matrix::heatmap(&compressor, \"euronews.com\")"
   ]
  },
  {
   "cell_type": "code",
   "execution_count": 24,
   "id": "8436ee62",
   "metadata": {
    "vscode": {
     "languageId": "rust"
    }
   },
   "outputs": [
    {
     "data": {
      "application/vnd.plotly.v1+json": {
       "config": {},
       "data": [
        {
         "reversescale": true,
         "type": "heatmap",
         "x": [
          "/s?k=gaming 🔍",
          "/s?k=cleani… 🔍",
          "/s?k=cooker 🔍",
          "/s?k=Jeans 🔍",
          "/s?k=home+i… 🔍",
          "/s?k=Knits+… 🔍",
          "/s?k=headph… 🔍",
          "/s?k=kitche… 🔍",
          "/s?k=laptop… 🔍",
          "/ZELUS-Weig…/dp/B07518RBH2/ 🛍️",
          "/Stanley-Ic…/dp/B0CSF47VXR/ 🛍️",
          "/Amazon-Bas…/dp/B01LR5RO5U/ 🛍️",
          "/Roadbox-Pr…/dp/B07PLJR3H7/ 🛍️",
          "/Rainleaf-M…/dp/B01K1TX77W/ 🛍️",
          "/Resistance…/dp/B08DLXZKF7/ 🛍️",
          "/Owala-Insu…/dp/B0CRC73JTS/ 🛍️",
          "/AmazonBasi…/dp/B01LP0U5X0/ 🛍️",
          "/Franklin-S…/dp/B06XTW1BND/ 🛍️",
          "/Speedo-Uni…/dp/B0BR7JQH6W/ 🛍️",
          "/stores/BAGAIL/page/81E55272-2… 🏬",
          "/stores/EHEYCIGA/page/1F9B6892-A… 🏬",
          "/stores/Molasus/page/F1796EB9-8… 🏬",
          "/stores/Everlastin…/page/73874DA8-1… 🏬",
          "/stores/WOLFBOX/page/CFE0BA86-D… 🏬",
          "/stores/page/869CF3D1-8… 🏬",
          "/stores/CRAFTSMAN/page/1856ED19-1… 🏬",
          "/stores/LOAAO/page/447459EE-A… 🏬",
          "/stores/CGKUnlimit…/page/CA071EDA-0… 🏬",
          "/stores/Falechay/page/22B2C144-D… 🏬"
         ],
         "y": [
          "/s?k=gaming 🔍",
          "/s?k=cleani… 🔍",
          "/s?k=cooker 🔍",
          "/s?k=Jeans 🔍",
          "/s?k=home+i… 🔍",
          "/s?k=Knits+… 🔍",
          "/s?k=headph… 🔍",
          "/s?k=kitche… 🔍",
          "/s?k=laptop… 🔍",
          "/ZELUS-Weig…/dp/B07518RBH2/ 🛍️",
          "/Stanley-Ic…/dp/B0CSF47VXR/ 🛍️",
          "/Amazon-Bas…/dp/B01LR5RO5U/ 🛍️",
          "/Roadbox-Pr…/dp/B07PLJR3H7/ 🛍️",
          "/Rainleaf-M…/dp/B01K1TX77W/ 🛍️",
          "/Resistance…/dp/B08DLXZKF7/ 🛍️",
          "/Owala-Insu…/dp/B0CRC73JTS/ 🛍️",
          "/AmazonBasi…/dp/B01LP0U5X0/ 🛍️",
          "/Franklin-S…/dp/B06XTW1BND/ 🛍️",
          "/Speedo-Uni…/dp/B0BR7JQH6W/ 🛍️",
          "/stores/BAGAIL/page/81E55272-2… 🏬",
          "/stores/EHEYCIGA/page/1F9B6892-A… 🏬",
          "/stores/Molasus/page/F1796EB9-8… 🏬",
          "/stores/Everlastin…/page/73874DA8-1… 🏬",
          "/stores/WOLFBOX/page/CFE0BA86-D… 🏬",
          "/stores/page/869CF3D1-8… 🏬",
          "/stores/CRAFTSMAN/page/1856ED19-1… 🏬",
          "/stores/LOAAO/page/447459EE-A… 🏬",
          "/stores/CGKUnlimit…/page/CA071EDA-0… 🏬",
          "/stores/Falechay/page/22B2C144-D… 🏬"
         ],
         "z": [
          [
           0.004295816535589188,
           0.40830083933646155,
           0.4511268257220276,
           0.43691758641200185,
           0.4361245125900469,
           0.4396272553036812,
           0.4359923336197211,
           0.37935364483510675,
           0.4122001189610733,
           0.7793918918918918,
           0.8382617728531856,
           0.8019973196143704,
           0.7747329085421357,
           0.7815956926089085,
           0.8208124874924955,
           0.8382736628496884,
           0.8112197673950662,
           0.7756419882865295,
           0.801268408955478,
           0.7925451060736237,
           0.8053664661952283,
           0.8068204348688124,
           0.7954530434207917,
           0.8049699292842509,
           0.8043090344326218,
           0.8052342872249025,
           0.7932060009252528,
           0.8084065825127222,
           0.8052342872249025
          ],
          [
           0.40830083933646155,
           0.005773928492116367,
           0.39973351099267157,
           0.42093039142017896,
           0.417762923984925,
           0.404620979818869,
           0.38419618528610355,
           0.35875627440044616,
           0.4154943797536515,
           0.7963320463320464,
           0.8500692520775623,
           0.8117677575547966,
           0.7926028841086571,
           0.8020558002936857,
           0.8279767860716429,
           0.8467169154949993,
           0.8255462996498854,
           0.7923612153977073,
           0.8122499361539116,
           0.759419646161818,
           0.7748908135317196,
           0.7744466651861722,
           0.760159893404397,
           0.7742245910133985,
           0.7697090828336665,
           0.7745206899104301,
           0.7568287808127915,
           0.7710415278703087,
           0.7757791102228144
          ],
          [
           0.4511268257220276,
           0.39973351099267157,
           0.0031748616085965483,
           0.40248650864130064,
           0.38875062220009954,
           0.3778791984596734,
           0.34486131488856286,
           0.3976575571667596,
           0.36481120010769336,
           0.7944498069498069,
           0.8506578947368421,
           0.8143616791319009,
           0.7940401475590476,
           0.7953010279001469,
           0.8313388032819692,
           0.8440353674445572,
           0.8249024105597811,
           0.7875556890423988,
           0.8138673703924406,
           0.7450341908173234,
           0.7601758384890915,
           0.7611527189840442,
           0.7436502767828069,
           0.7608270921523933,
           0.7617225659394334,
           0.7626994464343861,
           0.7459296646043634,
           0.7602572451970042,
           0.7618039726473461
          ],
          [
           0.43691758641200185,
           0.42093039142017896,
           0.40248650864130064,
           0.0036887765557756676,
           0.3817883735227816,
           0.315595327549696,
           0.3715417719789603,
           0.41464580913996857,
           0.36985932557043816,
           0.7913610038610038,
           0.8503808864265928,
           0.8123297738965025,
           0.7877161883773296,
           0.7971120900636319,
           0.8283370022013208,
           0.8471517611248007,
           0.8236951185158357,
           0.7886068979326225,
           0.8115263471524644,
           0.7823621832092356,
           0.7981419495867204,
           0.7980053282328028,
           0.784343192841041,
           0.7977320855249675,
           0.7958193865701209,
           0.7980736389097616,
           0.7800396201926361,
           0.7937017555843978,
           0.7978687068788851
          ],
          [
           0.4361245125900469,
           0.417762923984925,
           0.38875062220009954,
           0.3817883735227816,
           0.006115338121311242,
           0.3638626182180189,
           0.38503458394466566,
           0.3942414947016174,
           0.3976576697852864,
           0.7993725868725868,
           0.854674515235457,
           0.8199818425489602,
           0.796387677861352,
           0.7994126284875184,
           0.8332999799879928,
           0.8488186693723728,
           0.8286450158960119,
           0.791460179206087,
           0.8204647995232826,
           0.7775012444001991,
           0.8002559908981014,
           0.7986204934935647,
           0.7790656332219299,
           0.7984071677451469,
           0.8013226196401906,
           0.800682642394937,
           0.7830477138590628,
           0.7936428926971485,
           0.7985493849107588
          ],
          [
           0.4396272553036812,
           0.404620979818869,
           0.3778791984596734,
           0.315595327549696,
           0.3638626182180189,
           0.0027098338443984882,
           0.35778662754139595,
           0.40330451756832125,
           0.3741670592986471,
           0.796476833976834,
           0.8513504155124654,
           0.8157883359993083,
           0.7923633402002587,
           0.7973568281938326,
           0.8299779867920752,
           0.8463183070010146,
           0.8261097026037265,
           0.7882064374030134,
           0.814931471865157,
           0.7804321471867646,
           0.794052627825715,
           0.7939100049917992,
           0.7785067389289025,
           0.7936960707409256,
           0.7939100049917992,
           0.7948370534122513,
           0.7775083790914925,
           0.7912001711474007,
           0.793981316408757
          ],
          [
           0.4359923336197211,
           0.38419618528610355,
           0.34486131488856286,
           0.3715417719789603,
           0.38503458394466566,
           0.35778662754139595,
           0.003912527073290016,
           0.3975878416062465,
           0.3135222454062058,
           0.7963320463320464,
           0.8509349030470914,
           0.8147507673684665,
           0.7918842523834619,
           0.7969652471855115,
           0.8320192115269162,
           0.8433468618640383,
           0.8248621674916495,
           0.7877559193072032,
           0.8143781390993445,
           0.7799203521274366,
           0.7983651226158038,
           0.7958499266401173,
           0.7793614196883951,
           0.7966184587437993,
           0.7946621952071543,
           0.7969677915182002,
           0.7813875497799203,
           0.79689792496332,
           0.796059526304758
          ],
          [
           0.37935364483510675,
           0.35875627440044616,
           0.3976575571667596,
           0.41464580913996857,
           0.3942414947016174,
           0.40330451756832125,
           0.3975878416062465,
           0.004740658114891244,
           0.40378272868008347,
           0.7969594594594595,
           0.8510387811634349,
           0.8172149928667156,
           0.7926507928903368,
           0.7980910425844346,
           0.8349009405643386,
           0.8512465574720974,
           0.8278803976015131,
           0.7890073584622316,
           0.8171873669873159,
           0.7893195761293921,
           0.8004740658114892,
           0.8002649191299498,
           0.7877161182375906,
           0.8000557724484105,
           0.7997769102063581,
           0.800334634690463,
           0.7861823759063022,
           0.8001952035694367,
           0.8004740658114892
          ],
          [
           0.4122001189610733,
           0.4154943797536515,
           0.36481120010769336,
           0.36985932557043816,
           0.3976576697852864,
           0.3741670592986471,
           0.3135222454062058,
           0.40378272868008347,
           0.002490408561620785,
           0.7890926640926641,
           0.8455678670360111,
           0.8086550516622714,
           0.7840751209696737,
           0.7898678414096917,
           0.8272163297978787,
           0.8420060878388173,
           0.8196305686345527,
           0.7814987235320618,
           0.8069719928492382,
           0.7904691391263378,
           0.8011038567678536,
           0.8011711651073568,
           0.7922864642929259,
           0.8003634650333177,
           0.8003634650333177,
           0.8017769401628861,
           0.7903345224473313,
           0.8006326983913307,
           0.8011711651073568
          ],
          [
           0.7793918918918918,
           0.7963320463320464,
           0.7944498069498069,
           0.7913610038610038,
           0.7993725868725868,
           0.796476833976834,
           0.7963320463320464,
           0.7969594594594595,
           0.7890926640926641,
           0.002364864864864865,
           0.4355263157894737,
           0.34382430504517747,
           0.2625401236046567,
           0.13774131274131274,
           0.32811687012207325,
           0.4217640237715611,
           0.3189263149422512,
           0.16056949806949808,
           0.3811611475270282,
           0.822972972972973,
           0.8597007722007722,
           0.8596525096525096,
           0.8216698841698842,
           0.8594594594594595,
           0.8596042471042471,
           0.859073359073359,
           0.823069498069498,
           0.8338803088803088,
           0.8597490347490347
          ],
          [
           0.8382617728531856,
